"# servo_id=1 center=2043 amp_deg=15.0 cmd_hz=100.0 acc=50 torque_limit=None note='leg 7.4V, reg85=254 volatile, acc=50' hz=2.0 ratio=0.266 lag_ms=261.4 accel_est=8.642110823977744"
t_s,cmd_cnt,pos_cnt,speed_raw,load_duty_permille
0.0002,2043,2042,0,0
0.0010,2043,2042,0,0
0.0014,2043,2042,0,0
0.0018,2043,2042,0,0
0.0021,2043,2042,0,0
0.0025,2043,2042,0,0
0.0029,2043,2042,0,0
0.0033,2043,2042,0,0
0.0037,2043,2042,0,0
0.0041,2043,2042,0,0
0.0044,2043,2042,0,0
0.0048,2043,2042,0,0
0.0052,2043,2042,0,0
0.0055,2043,2042,0,0
0.0059,2043,2042,0,0
0.0062,2043,2042,0,0
0.0067,2043,2042,0,0
0.0070,2043,2042,0,0
0.0074,2043,2042,0,0
0.0078,2043,2042,0,0
0.0082,2043,2042,0,0
0.0088,2043,2042,0,0
0.0091,2043,2042,0,0
0.0095,2043,2042,0,0
0.0099,2043,2042,0,0
0.0102,2065,2042,0,0
0.0111,2065,2042,0,0
0.0114,2065,2042,0,0
0.0118,2065,2042,0,0
0.0122,2065,2042,0,0
0.0125,2065,2042,0,0
0.0129,2065,2042,0,0
0.0133,2065,2042,0,0
0.0137,2065,2042,0,0
0.0140,2065,2042,0,0
0.0143,2065,2042,0,0
0.0147,2065,2042,0,0
0.0151,2065,2042,0,0
0.0155,2065,2042,0,0
0.0158,2065,2042,0,0
0.0162,2065,2042,0,0
0.0166,2065,2042,0,0
0.0170,2065,2042,0,0
0.0174,2065,2042,0,0
0.0177,2065,2042,0,0
0.0181,2065,2042,0,0
0.0185,2065,2042,0,0
0.0188,2065,2042,0,0
0.0192,2065,2042,0,0
0.0198,2065,2042,0,0
0.0202,2086,2042,0,0
0.0209,2086,2042,0,0
0.0213,2086,2042,0,0
0.0217,2086,2042,0,0
0.0220,2086,2042,0,0
0.0224,2086,2042,0,0
0.0227,2086,2042,0,0
0.0231,2086,2042,0,-24
0.0234,2086,2042,0,-24
0.0238,2086,2042,0,-24
0.0242,2086,2042,0,-24
0.0245,2086,2042,0,-24
0.0249,2086,2042,0,-24
0.0253,2086,2042,0,-24
0.0257,2086,2042,0,-24
0.0260,2086,2042,0,-24
0.0264,2086,2042,0,-24
0.0268,2086,2042,0,-24
0.0271,2086,2042,0,-24
0.0275,2086,2042,0,-24
0.0279,2086,2042,0,-24
0.0283,2086,2042,0,-24
0.0287,2086,2042,0,-24
0.0291,2086,2042,0,-24
0.0294,2086,2042,0,-24
0.0298,2086,2042,0,-24
0.0302,2106,2042,0,-24
0.0308,2106,2042,0,-24
0.0312,2106,2042,0,-32
0.0316,2106,2042,0,-32
0.0319,2106,2042,0,-32
0.0323,2106,2042,0,-32
0.0327,2106,2042,0,-32
0.0330,2106,2042,0,-32
0.0334,2106,2042,0,-32
0.0337,2106,2042,0,-32
0.0341,2106,2042,0,-32
0.0345,2106,2042,0,-32
0.0348,2106,2042,0,-32
0.0352,2106,2042,0,-32
0.0355,2106,2042,0,-32
0.0359,2106,2042,0,-32
0.0363,2106,2042,0,-32
0.0367,2106,2042,0,-32
0.0370,2106,2042,0,-52
0.0374,2106,2042,0,-52
0.0378,2106,2042,0,-52
0.0382,2106,2042,0,-52
0.0385,2106,2042,0,-52
0.0389,2106,2042,0,-52
0.0393,2106,2042,0,-52
0.0397,2106,2042,0,-52
0.0400,2125,2042,0,-52
0.0407,2125,2042,0,-52
0.0413,2125,2042,0,-52
0.0417,2125,2042,0,-52
0.0422,2125,2042,0,-60
0.0425,2125,2042,0,-60
0.0429,2125,2042,0,-60
0.0433,2125,2042,0,-60
0.0437,2125,2042,0,-60
0.0440,2125,2042,0,-60
0.0444,2125,2042,0,-60
0.0448,2125,2042,0,-60
0.0452,2125,2042,0,-60
0.0457,2125,2042,0,-60
0.0460,2125,2042,0,-60
0.0464,2125,2042,0,-60
0.0468,2125,2042,0,-60
0.0472,2125,2042,0,-68
0.0475,2125,2042,0,-68
0.0480,2125,2042,0,-68
0.0483,2125,2042,0,-68
0.0487,2125,2042,0,-68
0.0491,2125,2042,0,-68
0.0494,2125,2042,0,-68
0.0498,2125,2042,0,-68
0.0501,2144,2042,0,-68
0.0508,2144,2042,0,-68
0.0511,2144,2042,0,-76
0.0515,2144,2042,0,-76
0.0518,2144,2042,0,-76
0.0522,2144,2042,0,-76
0.0526,2144,2042,0,-76
0.0529,2144,2042,0,-76
0.0533,2144,2042,0,-76
0.0537,2144,2042,0,-76
0.0541,2144,2042,0,-76
0.0547,2144,2042,0,-76
0.0550,2144,2042,0,-84
0.0554,2144,2042,0,-84
0.0558,2144,2042,0,-84
0.0562,2144,2042,0,-84
0.0565,2144,2042,0,-84
0.0569,2144,2042,0,-88
0.0573,2144,2042,0,-88
0.0577,2144,2042,0,-88
0.0580,2144,2042,0,-96
0.0584,2144,2042,0,-96
0.0588,2144,2042,0,-96
0.0591,2144,2042,0,-96
0.0595,2144,2042,0,-96
0.0598,2144,2042,0,-96
0.0602,2160,2043,0,-88
0.0610,2160,2043,0,-88
0.0613,2160,2043,0,-88
0.0617,2160,2043,0,-88
0.0621,2160,2043,0,-96
0.0624,2160,2043,0,-96
0.0628,2160,2043,0,-96
0.0632,2160,2043,0,-96
0.0635,2160,2043,0,-96
0.0639,2160,2043,0,-96
0.0643,2160,2043,0,-96
0.0647,2160,2043,0,-96
0.0650,2160,2043,0,-104
0.0654,2160,2043,0,-104
0.0657,2160,2043,0,-104
0.0661,2160,2043,0,-104
0.0665,2160,2043,0,-104
0.0669,2160,2043,0,-104
0.0673,2160,2043,0,-104
0.0677,2160,2043,0,-104
0.0680,2160,2044,0,-104
0.0684,2160,2044,0,-104
0.0688,2160,2044,0,-104
0.0692,2160,2044,0,-104
0.0696,2160,2044,0,-104
0.0699,2160,2044,0,-104
0.0703,2175,2044,0,-104
0.0711,2175,2044,0,-112
0.0715,2175,2044,0,-112
0.0719,2175,2044,0,-112
0.0724,2175,2044,0,-112
0.0728,2175,2044,100,-112
0.0731,2175,2044,100,-112
0.0737,2175,2044,100,-112
0.0742,2175,2045,100,-112
0.0747,2175,2045,100,-112
0.0751,2175,2045,100,-112
0.0755,2175,2045,100,-112
0.0758,2175,2045,100,-120
0.0763,2175,2045,100,-120
0.0767,2175,2045,100,-120
0.0771,2175,2046,100,-108
0.0774,2175,2046,100,-108
0.0778,2175,2046,100,-108
0.0782,2175,2046,100,-108
0.0786,2175,2046,100,-108
0.0790,2175,2046,100,-116
0.0793,2175,2046,100,-116
0.0797,2175,2046,100,-116
0.0800,2187,2046,100,-116
0.0807,2187,2046,100,-116
0.0811,2187,2047,100,-108
0.0814,2187,2047,100,-108
0.0818,2187,2047,100,-116
0.0822,2187,2047,100,-116
0.0827,2187,2047,100,-116
0.0831,2187,2047,100,-116
0.0834,2187,2047,100,-116
0.0838,2187,2047,100,-124
0.0842,2187,2047,100,-124
0.0847,2187,2047,100,-124
0.0850,2187,2048,100,-116
0.0854,2187,2048,100,-116
0.0857,2187,2048,100,-124
0.0861,2187,2048,100,-124
0.0866,2187,2048,100,-124
0.0869,2187,2048,100,-124
0.0873,2187,2048,100,-124
0.0877,2187,2048,100,-124
0.0880,2187,2048,100,-124
0.0884,2187,2048,100,-124
0.0887,2187,2049,100,-124
0.0892,2187,2049,100,-124
0.0896,2187,2049,100,-124
0.0899,2187,2049,100,-124
0.0903,2198,2049,100,-124
0.0910,2198,2049,100,-132
0.0914,2198,2049,100,-132
0.0918,2198,2050,100,-124
0.0922,2198,2050,100,-124
0.0926,2198,2050,100,-124
0.0929,2198,2050,300,-132
0.0933,2198,2050,300,-132
0.0937,2198,2050,300,-132
0.0940,2198,2051,300,-124
0.0945,2198,2051,300,-124
0.0948,2198,2051,300,-132
0.0953,2198,2051,300,-132
0.0957,2198,2051,300,-132
0.0960,2198,2051,300,-132
0.0964,2198,2051,300,-132
0.0968,2198,2052,300,-132
0.0972,2198,2052,300,-132
0.0975,2198,2052,300,-132
0.0980,2198,2052,300,-132
0.0983,2198,2052,300,-132
0.0987,2198,2052,300,-140
0.0990,2198,2052,300,-140
0.0994,2198,2052,300,-140
0.0998,2198,2053,300,-132
0.1001,2205,2053,300,-132
0.1008,2205,2053,300,-140
0.1012,2205,2053,300,-140
0.1016,2205,2053,300,-140
0.1019,2205,2054,300,-132
0.1023,2205,2054,300,-132
0.1027,2205,2054,300,-140
0.1030,2205,2054,300,-140
0.1034,2205,2054,300,-140
0.1037,2205,2054,300,-140
0.1041,2205,2054,300,-140
0.1045,2205,2054,300,-140
0.1049,2205,2054,300,-148
0.1053,2205,2054,300,-148
0.1057,2205,2055,300,-140
0.1060,2205,2055,300,-140
0.1064,2205,2055,300,-140
0.1067,2205,2055,300,-148
0.1071,2205,2055,300,-148
0.1074,2205,2055,300,-148
0.1078,2205,2056,300,-140
0.1081,2205,2056,300,-140
0.1085,2205,2056,300,-140
0.1088,2205,2056,300,-148
0.1092,2205,2056,300,-148
0.1095,2205,2056,300,-148
0.1099,2205,2057,300,-140
0.1103,2211,2057,300,-148
0.1110,2211,2057,300,-148
0.1114,2211,2057,300,-148
0.1117,2211,2058,300,-140
0.1121,2211,2058,300,-140
0.1124,2211,2058,300,-140
0.1128,2211,2058,400,-148
0.1132,2211,2058,400,-148
0.1135,2211,2058,400,-148
0.1139,2211,2058,400,-148
0.1143,2211,2058,400,-148
0.1147,2211,2059,400,-148
0.1150,2211,2059,400,-148
0.1154,2211,2059,400,-148
0.1157,2211,2059,400,-156
0.1161,2211,2059,400,-156
0.1164,2211,2059,400,-156
0.1168,2211,2060,400,-144
0.1172,2211,2060,400,-144
0.1176,2211,2060,400,-144
0.1179,2211,2060,400,-152
0.1183,2211,2060,400,-152
0.1187,2211,2061,400,-144
0.1191,2211,2061,400,-144
0.1195,2211,2061,400,-144
0.1199,2211,2061,400,-152
0.1203,2213,2061,400,-160
0.1210,2213,2061,400,-160
0.1214,2213,2061,400,-160
0.1218,2213,2062,400,-152
0.1222,2213,2062,400,-152
0.1225,2213,2062,400,-152
0.1228,2213,2062,400,-160
0.1232,2213,2062,400,-160
0.1237,2213,2063,400,-152
0.1240,2213,2063,400,-152
0.1244,2213,2063,400,-152
0.1248,2213,2063,400,-160
0.1252,2213,2063,400,-160
0.1257,2213,2064,400,-160
0.1260,2213,2064,400,-160
0.1264,2213,2064,400,-160
0.1267,2213,2064,400,-160
0.1271,2213,2064,400,-160
0.1274,2213,2064,400,-160
0.1278,2213,2064,400,-168
0.1283,2213,2064,400,-168
0.1287,2213,2065,400,-168
0.1290,2213,2065,400,-168
0.1294,2213,2065,400,-168
0.1297,2213,2065,400,-168
0.1301,2213,2065,400,-168
0.1308,2213,2066,400,-168
0.1312,2213,2066,400,-168
0.1315,2213,2066,400,-176
0.1319,2213,2066,400,-176
0.1323,2213,2066,400,-176
0.1327,2213,2067,450,-168
0.1330,2213,2067,450,-168
0.1334,2213,2067,450,-168
0.1338,2213,2067,450,-176
0.1341,2213,2067,450,-176
0.1345,2213,2068,450,-176
0.1349,2213,2068,450,-176
0.1352,2213,2068,450,-176
0.1356,2213,2068,450,-176
0.1360,2213,2068,450,-176
0.1363,2213,2068,450,-176
0.1367,2213,2069,450,-184
0.1371,2213,2069,450,-184
0.1374,2213,2069,450,-184
0.1378,2213,2069,450,-192
0.1382,2213,2069,450,-192
0.1387,2213,2070,450,-184
0.1390,2213,2070,450,-184
0.1394,2213,2070,450,-184
0.1397,2213,2070,450,-192
0.1401,2211,2070,450,-192
0.1408,2211,2070,450,-200
0.1412,2211,2070,450,-200
0.1416,2211,2071,450,-192
0.1419,2211,2071,450,-192
0.1423,2211,2071,450,-192
0.1427,2211,2072,450,-192
0.1430,2211,2072,450,-192
0.1434,2211,2072,450,-192
0.1437,2211,2072,450,-200
0.1441,2211,2072,450,-200
0.1445,2211,2073,450,-192
0.1448,2211,2073,450,-192
0.1452,2211,2073,450,-192
0.1456,2211,2073,450,-200
0.1460,2211,2073,450,-200
0.1463,2211,2073,450,-200
0.1467,2211,2074,450,-200
0.1470,2211,2074,450,-200
0.1475,2211,2075,450,-200
0.1479,2211,2075,450,-200
0.1484,2211,2075,450,-200
0.1487,2211,2075,450,-200
0.1491,2211,2075,450,-200
0.1495,2211,2076,450,-200
0.1498,2211,2076,450,-200
0.1502,2205,2076,450,-208
0.1510,2205,2076,450,-208
0.1514,2205,2076,450,-208
0.1517,2205,2077,450,-208
0.1521,2205,2077,450,-208
0.1524,2205,2077,500,-208
0.1528,2205,2077,500,-208
0.1532,2205,2077,500,-208
0.1535,2205,2078,500,-208
0.1539,2205,2078,500,-208
0.1543,2205,2078,500,-208
0.1547,2205,2079,500,-208
0.1550,2205,2079,500,-208
0.1555,2205,2079,500,-216
0.1558,2205,2079,500,-216
0.1562,2205,2079,500,-216
0.1567,2205,2080,500,-216
0.1570,2205,2080,500,-216
0.1575,2205,2081,500,-208
0.1578,2205,2081,500,-208
0.1582,2205,2081,500,-208
0.1586,2205,2081,500,-216
0.1589,2205,2081,500,-216
0.1593,2205,2081,500,-216
0.1597,2205,2082,500,-216
0.1600,2197,2082,500,-216
0.1607,2197,2083,500,-216
0.1611,2197,2083,500,-216
0.1615,2197,2083,500,-216
0.1619,2197,2083,500,-216
0.1623,2197,2083,500,-216
0.1627,2197,2084,500,-216
0.1631,2197,2084,500,-216
0.1635,2197,2084,500,-224
0.1639,2197,2084,500,-224
0.1642,2197,2084,500,-224
0.1646,2197,2085,500,-224
0.1649,2197,2085,500,-224
0.1654,2197,2086,500,-224
0.1657,2197,2086,500,-224
0.1661,2197,2086,500,-224
0.1664,2197,2087,500,-224
0.1668,2197,2087,500,-224
0.1672,2197,2087,500,-224
0.1676,2197,2087,500,-224
0.1679,2197,2087,500,-224
0.1683,2197,2087,500,-224
0.1688,2197,2088,500,-224
0.1691,2197,2088,500,-224
0.1695,2197,2089,500,-224
0.1699,2197,2089,500,-224
0.1702,2187,2089,500,-232
0.1710,2187,2089,500,-232
0.1714,2187,2090,500,-232
0.1717,2187,2090,500,-232
0.1721,2187,2090,500,-232
0.1724,2187,2090,650,-240
0.1728,2187,2090,650,-240
0.1733,2187,2091,650,-232
0.1737,2187,2091,650,-232
0.1742,2187,2091,650,-232
0.1747,2187,2092,650,-232
0.1750,2187,2092,650,-232
0.1754,2187,2092,650,-240
0.1758,2187,2092,650,-240
0.1761,2187,2092,650,-240
0.1765,2187,2093,650,-236
0.1769,2187,2093,650,-236
0.1772,2187,2093,650,-236
0.1777,2187,2094,650,-236
0.1780,2187,2094,650,-236
0.1784,2187,2094,650,-244
0.1787,2187,2094,650,-244
0.1792,2187,2094,650,-244
0.1797,2187,2095,650,-236
0.1800,2174,2096,650,-236
0.1807,2174,2096,650,-236
0.1811,2174,2096,650,-236
0.1815,2174,2097,650,-236
0.1818,2174,2097,650,-236
0.1822,2174,2097,650,-236
0.1825,2174,2097,650,-244
0.1829,2174,2097,650,-244
0.1833,2174,2098,650,-244
0.1836,2174,2098,650,-244
0.1840,2174,2098,650,-244
0.1843,2174,2099,650,-236
0.1847,2174,2099,650,-236
0.1850,2174,2099,650,-236
0.1854,2174,2100,650,-236
0.1858,2174,2100,650,-236
0.1861,2174,2100,650,-236
0.1865,2174,2101,650,-236
0.1868,2174,2101,650,-236
0.1872,2174,2101,650,-236
0.1876,2174,2101,650,-244
0.1879,2174,2101,650,-244
0.1883,2174,2102,650,-236
0.1887,2174,2102,650,-236
0.1890,2174,2102,650,-236
0.1894,2174,2103,650,-236
0.1898,2174,2103,650,-236
0.1902,2159,2104,650,-236
0.1909,2159,2104,650,-236
0.1913,2159,2105,650,-236
0.1917,2159,2105,650,-236
0.1921,2159,2105,650,-236
0.1924,2159,2105,750,-236
0.1928,2159,2105,750,-236
0.1932,2159,2105,750,-236
0.1935,2159,2106,750,-236
0.1939,2159,2106,750,-236
0.1943,2159,2107,750,-236
0.1948,2159,2107,750,-236
0.1952,2159,2107,750,-236
0.1956,2159,2108,750,-236
0.1959,2159,2108,750,-236
0.1963,2159,2108,750,-224
0.1967,2159,2108,750,-224
0.1970,2159,2108,750,-224
0.1974,2159,2109,750,-224
0.1977,2159,2109,750,-224
0.1981,2159,2109,750,-224
0.1985,2159,2110,750,-224
0.1988,2159,2110,750,-224
0.1992,2159,2110,750,-224
0.1995,2159,2111,750,-216
0.1999,2159,2111,750,-216
0.2003,2143,2112,750,-216
0.2013,2143,2112,750,-224
0.2017,2143,2112,750,-224
0.2020,2143,2112,750,-224
0.2024,2143,2113,750,-224
0.2028,2143,2113,750,-224
0.2031,2143,2113,750,-224
0.2037,2143,2114,750,-216
0.2040,2143,2114,750,-216
0.2044,2143,2115,750,-216
0.2048,2143,2115,750,-216
0.2051,2143,2115,750,-216
0.2055,2143,2115,750,-224
0.2059,2143,2115,750,-224
0.2062,2143,2116,750,-216
0.2067,2143,2116,750,-216
0.2070,2143,2116,750,-216
0.2074,2143,2117,750,-216
0.2078,2143,2117,750,-216
0.2082,2143,2118,750,-216
0.2085,2143,2118,750,-216
0.2089,2143,2118,750,-216
0.2093,2143,2118,750,-216
0.2097,2143,2118,750,-216
0.2100,2125,2119,750,-216
0.2107,2125,2119,750,-216
0.2110,2125,2119,750,-216
0.2114,2125,2120,750,-208
0.2117,2125,2120,750,-208
0.2121,2125,2120,750,-208
0.2124,2125,2121,800,-208
0.2128,2125,2121,800,-208
0.2132,2125,2121,800,-216
0.2136,2125,2121,800,-216
0.2140,2125,2121,800,-216
0.2143,2125,2122,800,-208
0.2147,2125,2122,800,-208
0.2150,2125,2122,800,-208
0.2154,2125,2123,800,-208
0.2158,2125,2123,800,-208
0.2161,2125,2124,800,-200
0.2165,2125,2124,800,-200
0.2168,2125,2124,800,-200
0.2172,2125,2125,800,-192
0.2176,2125,2125,800,-192
0.2179,2125,2125,800,-192
0.2183,2125,2125,800,-200
0.2187,2125,2125,800,-200
0.2192,2125,2126,800,-192
0.2196,2125,2126,800,-192
0.2199,2125,2126,800,-192
0.2203,2105,2127,800,-192
0.2210,2105,2127,800,-192
0.2215,2105,2128,800,-192
0.2219,2105,2128,800,-192
0.2222,2105,2129,800,-184
0.2227,2105,2129,800,-184
0.2230,2105,2129,800,-184
0.2234,2105,2129,800,-192
0.2238,2105,2129,800,-192
0.2242,2105,2130,800,-184
0.2246,2105,2130,800,-184
0.2250,2105,2130,800,-184
0.2253,2105,2131,800,-184
0.2258,2105,2131,800,-184
0.2261,2105,2132,800,-184
0.2265,2105,2132,800,-184
0.2269,2105,2132,800,-184
0.2273,2105,2132,800,-184
0.2276,2105,2132,800,-184
0.2280,2105,2132,800,-184
0.2283,2105,2133,800,-184
0.2287,2105,2133,800,-184
0.2290,2105,2133,800,-184
0.2294,2105,2134,800,-176
0.2297,2105,2134,800,-176
0.2301,2085,2135,800,-176
0.2307,2085,2135,800,-176
0.2311,2085,2136,800,-168
0.2315,2085,2136,800,-168
0.2318,2085,2136,800,-168
0.2321,2085,2136,750,-176
0.2325,2085,2136,750,-176
0.2329,2085,2136,750,-176
0.2333,2085,2137,750,-168
0.2337,2085,2137,750,-168
0.2341,2085,2138,750,-168
0.2344,2085,2138,750,-168
0.2348,2085,2138,750,-168
0.2352,2085,2138,750,-168
0.2355,2085,2138,750,-168
0.2359,2085,2138,750,-168
0.2363,2085,2139,750,-160
0.2367,2085,2139,750,-160
0.2370,2085,2140,750,-160
0.2374,2085,2140,750,-160
0.2377,2085,2140,750,-160
0.2381,2085,2141,750,-152
0.2385,2085,2141,750,-152
0.2388,2085,2141,750,-152
0.2392,2085,2141,750,-160
0.2396,2085,2141,750,-160
0.2399,2085,2141,750,-160
0.2403,2064,2142,750,-152
0.2410,2064,2142,750,-160
0.2414,2064,2142,750,-160
0.2418,2064,2142,750,-160
0.2421,2064,2143,750,-152
0.2425,2064,2143,750,-152
0.2429,2064,2143,750,-152
0.2432,2064,2144,750,-144
0.2437,2064,2144,750,-144
0.2440,2064,2145,750,-144
0.2444,2064,2145,750,-144
0.2448,2064,2145,750,-144
0.2451,2064,2145,750,-144
0.2456,2064,2145,750,-144
0.2460,2064,2146,750,-144
0.2463,2064,2146,750,-144
0.2468,2064,2146,750,-144
0.2472,2064,2147,750,-136
0.2475,2064,2147,750,-136
0.2479,2064,2147,750,-136
0.2483,2064,2148,750,-136
0.2487,2064,2148,750,-136
0.2490,2064,2148,750,-136
0.2494,2064,2148,750,-136
0.2497,2064,2148,750,-136
0.2501,2043,2149,750,-136
0.2508,2043,2149,750,-136
0.2512,2043,2149,750,-136
0.2517,2043,2149,750,-136
0.2521,2043,2150,700,-136
0.2525,2043,2150,700,-136
0.2529,2043,2150,700,-136
0.2532,2043,2151,700,-128
0.2537,2043,2151,700,-128
0.2540,2043,2151,700,-136
0.2544,2043,2151,700,-136
0.2548,2043,2151,700,-136
0.2551,2043,2152,700,-128
0.2555,2043,2152,700,-128
0.2558,2043,2152,700,-128
0.2562,2043,2153,700,-116
0.2567,2043,2153,700,-116
0.2570,2043,2153,700,-124
0.2574,2043,2153,700,-124
0.2578,2043,2153,700,-124
0.2582,2043,2154,700,-116
0.2587,2043,2154,700,-116
0.2591,2043,2155,700,-116
0.2596,2043,2155,700,-116
0.2599,2043,2155,700,-116
0.2603,2021,2155,700,-116
0.2610,2021,2156,700,-108
0.2614,2021,2156,700,-108
0.2617,2021,2156,700,-108
0.2621,2021,2156,700,-116
0.2625,2021,2156,700,-116
0.2629,2021,2156,700,-116
0.2632,2021,2157,700,-108
0.2637,2021,2157,700,-108
0.2640,2021,2157,700,-116
0.2644,2021,2157,700,-116
0.2648,2021,2157,700,-116
0.2651,2021,2158,700,-108
0.2655,2021,2158,700,-108
0.2659,2021,2158,700,-108
0.2664,2021,2158,700,-108
0.2668,2021,2158,700,-108
0.2672,2021,2159,700,-108
0.2676,2021,2159,700,-108
0.2679,2021,2160,700,-100
0.2683,2021,2160,700,-100
0.2687,2021,2160,700,-100
0.2691,2021,2160,700,-100
0.2694,2021,2160,700,-100
0.2698,2021,2160,700,-100
0.2702,2000,2161,700,-100
0.2709,2000,2161,700,-100
0.2712,2000,2161,700,-100
0.2717,2000,2161,700,-100
0.2721,2000,2162,600,-92
0.2724,2000,2162,600,-92
0.2728,2000,2162,600,-92
0.2731,2000,2162,600,-100
0.2735,2000,2162,600,-100
0.2739,2000,2162,600,-100
0.2743,2000,2162,600,-100
0.2747,2000,2162,600,-100
0.2750,2000,2163,600,-92
0.2754,2000,2163,600,-92
0.2757,2000,2163,600,-92
0.2761,2000,2163,600,-112
0.2765,2000,2163,600,-112
0.2768,2000,2164,600,-104
0.2772,2000,2164,600,-104
0.2776,2000,2164,600,-104
0.2779,2000,2164,600,-104
0.2783,2000,2164,600,-104
0.2787,2000,2164,600,-104
0.2790,2000,2165,600,-104
0.2794,2000,2165,600,-104
0.2797,2000,2165,600,-104
0.2801,1980,2165,600,-104
0.2809,1980,2165,600,-104
0.2813,1980,2165,600,-104
0.2817,1980,2165,600,-104
0.2821,1980,2166,600,-104
0.2825,1980,2166,600,-104
0.2828,1980,2167,600,-96
0.2832,1980,2167,600,-96
0.2835,1980,2167,600,-96
0.2839,1980,2167,600,-96
0.2843,1980,2167,600,-96
0.2847,1980,2167,600,-96
0.2850,1980,2167,600,-96
0.2854,1980,2167,600,-96
0.2857,1980,2167,600,-96
0.2861,1980,2168,600,-96
0.2864,1980,2168,600,-96
0.2868,1980,2168,600,-96
0.2872,1980,2168,600,-96
0.2875,1980,2168,600,-96
0.2879,1980,2169,600,-88
0.2883,1980,2169,600,-88
0.2887,1980,2169,600,-88
0.2890,1980,2169,600,-88
0.2894,1980,2169,600,-88
0.2898,1980,2169,600,-96
0.2902,1960,2169,600,-96
0.2909,1960,2170,600,-88
0.2913,1960,2170,600,-88
0.2917,1960,2170,600,-88
0.2921,1960,2170,400,-88
0.2925,1960,2170,400,-88
0.2929,1960,2171,400,-80
0.2932,1960,2171,400,-80
0.2937,1960,2171,400,-80
0.2941,1960,2171,400,-88
0.2945,1960,2171,400,-88
0.2949,1960,2172,400,-80
0.2953,1960,2172,400,-80
0.2957,1960,2172,400,-80
0.2961,1960,2172,400,-72
0.2966,1960,2172,400,-72
0.2969,1960,2172,400,-72
0.2974,1960,2172,400,-72
0.2978,1960,2173,400,-64
0.2982,1960,2173,400,-64
0.2986,1960,2173,400,-64
0.2990,1960,2173,400,-72
0.2994,1960,2173,400,-72
0.2998,1960,2174,400,-64
0.3001,1942,2174,400,-64
0.3009,1942,2174,400,-64
0.3014,1942,2174,400,-64
0.3018,1942,2174,400,-64
0.3022,1942,2174,400,-64
0.3027,1942,2174,400,-64
0.3031,1942,2175,400,-56
0.3035,1942,2175,400,-56
0.3039,1942,2175,400,-64
0.3044,1942,2175,400,-64
0.3048,1942,2175,400,-64
0.3052,1942,2175,400,-64
0.3055,1942,2175,400,-64
0.3060,1942,2176,400,-56
0.3064,1942,2176,400,-56
0.3068,1942,2176,400,-56
0.3072,1942,2176,400,-56
0.3076,1942,2176,400,-56
0.3080,1942,2176,400,-56
0.3084,1942,2176,400,-56
0.3087,1942,2177,400,-48
0.3091,1942,2177,400,-48
0.3096,1942,2177,400,-48
0.3100,1926,2177,400,-56
0.3108,1926,2177,400,-56
0.3112,1926,2177,400,-56
0.3116,1926,2177,400,-56
0.3119,1926,2178,400,-48
0.3123,1926,2178,400,-48
0.3127,1926,2178,400,-48
0.3131,1926,2178,400,-48
0.3135,1926,2178,400,-48
0.3139,1926,2178,400,-48
0.3143,1926,2178,400,-48
0.3147,1926,2179,400,-40
0.3151,1926,2179,400,-40
0.3155,1926,2179,400,-40
0.3159,1926,2179,400,-40
0.3163,1926,2179,400,-40
0.3167,1926,2179,400,-48
0.3171,1926,2179,400,-48
0.3175,1926,2179,400,-48
0.3179,1926,2179,400,-48
0.3183,1926,2179,400,-48
0.3187,1926,2180,400,-40
0.3191,1926,2180,400,-40
0.3196,1926,2180,400,-40
0.3200,1926,2180,400,-40
0.3203,1911,2180,400,-40
0.3211,1911,2180,400,-40
0.3215,1911,2180,400,-40
0.3219,1911,2181,400,-32
0.3223,1911,2181,400,-32
0.3227,1911,2181,400,-32
0.3231,1911,2181,400,-32
0.3235,1911,2181,400,-32
0.3239,1911,2181,400,-32
0.3243,1911,2181,400,-32
0.3247,1911,2181,400,-32
0.3251,1911,2181,400,-32
0.3255,1911,2181,400,-32
0.3259,1911,2182,400,-24
0.3262,1911,2182,400,-24
0.3267,1911,2182,400,-24
0.3270,1911,2182,400,-24
0.3274,1911,2182,400,-24
0.3278,1911,2182,400,-24
0.3282,1911,2182,400,-24
0.3286,1911,2182,400,-32
0.3289,1911,2182,400,-32
0.3293,1911,2182,400,-32
0.3297,1911,2182,400,-32
0.3301,1899,2182,400,-32
0.3308,1899,2183,400,0
0.3312,1899,2183,400,0
0.3317,1899,2183,250,0
0.3321,1899,2183,250,0
0.3325,1899,2183,250,0
0.3329,1899,2183,250,0
0.3332,1899,2183,250,0
0.3337,1899,2183,250,0
0.3340,1899,2183,250,0
0.3344,1899,2183,250,0
0.3348,1899,2183,250,0
0.3351,1899,2183,250,0
0.3356,1899,2183,250,-20
0.3360,1899,2183,250,-20
0.3364,1899,2183,250,-20
0.3367,1899,2183,250,-20
0.3371,1899,2183,250,-20
0.3374,1899,2183,250,-20
0.3378,1899,2183,250,-20
0.3382,1899,2183,250,-20
0.3386,1899,2184,250,20
0.3389,1899,2184,250,20
0.3393,1899,2184,250,20
0.3397,1899,2184,250,20
0.3400,1889,2184,250,20
0.3407,1889,2184,250,20
0.3411,1889,2184,250,20
0.3414,1889,2184,250,20
0.3418,1889,2184,250,20
0.3421,1889,2184,250,20
0.3425,1889,2184,250,20
0.3429,1889,2184,250,28
0.3433,1889,2184,250,28
0.3438,1889,2184,250,28
0.3442,1889,2184,250,28
0.3446,1889,2184,250,28
0.3449,1889,2184,250,28
0.3453,1889,2184,250,28
0.3457,1889,2184,250,28
0.3460,1889,2184,250,28
0.3464,1889,2184,250,28
0.3468,1889,2185,250,28
0.3472,1889,2185,250,28
0.3477,1889,2185,250,28
0.3480,1889,2185,250,28
0.3484,1889,2185,250,28
0.3489,1889,2185,250,28
0.3493,1889,2185,250,28
0.3497,1889,2185,250,28
0.3501,1881,2185,250,28
0.3508,1881,2185,250,28
0.3511,1881,2185,250,28
0.3515,1881,2185,100,28
0.3519,1881,2185,100,28
0.3523,1881,2185,100,28
0.3527,1881,2185,100,28
0.3531,1881,2185,100,28
0.3535,1881,2185,100,28
0.3540,1881,2185,100,28
0.3543,1881,2185,100,28
0.3547,1881,2185,100,28
0.3551,1881,2185,100,28
0.3554,1881,2185,100,24
0.3558,1881,2185,100,24
0.3562,1881,2185,100,24
0.3566,1881,2185,100,32
0.3570,1881,2185,100,32
0.3575,1881,2185,100,32
0.3579,1881,2185,100,32
0.3583,1881,2185,100,32
0.3587,1881,2185,100,32
0.3590,1881,2185,100,32
0.3594,1881,2185,100,32
0.3597,1881,2185,100,32
0.3601,1875,2185,100,32
0.3608,1875,2185,100,32
0.3611,1875,2185,100,32
0.3615,1875,2185,100,40
0.3618,1875,2185,100,40
0.3622,1875,2185,100,40
0.3625,1875,2185,100,40
0.3629,1875,2185,100,40
0.3633,1875,2185,100,40
0.3637,1875,2185,100,40
0.3640,1875,2185,100,40
0.3644,1875,2185,100,40
0.3648,1875,2185,100,40
0.3651,1875,2185,100,40
0.3655,1875,2185,100,40
0.3659,1875,2185,100,40
0.3662,1875,2185,100,40
0.3667,1875,2185,100,48
0.3670,1875,2185,100,48
0.3674,1875,2185,100,48
0.3678,1875,2185,100,48
0.3681,1875,2185,100,48
0.3685,1875,2185,100,48
0.3688,1875,2185,100,48
0.3692,1875,2185,100,48
0.3697,1875,2185,100,48
0.3700,1873,2185,100,48
0.3707,1873,2185,100,56
0.3711,1873,2185,100,56
0.3715,1873,2185,0,56
0.3719,1873,2185,0,56
0.3723,1873,2185,0,56
0.3727,1873,2185,0,56
0.3730,1873,2185,0,56
0.3734,1873,2185,0,56
0.3737,1873,2185,0,56
0.3741,1873,2185,0,56
0.3745,1873,2185,0,64
0.3748,1873,2185,0,64
0.3752,1873,2185,0,64
0.3756,1873,2185,0,76
0.3759,1873,2185,0,76
0.3763,1873,2185,0,76
0.3767,1873,2185,0,76
0.3771,1873,2185,0,76
0.3775,1873,2185,0,84
0.3778,1873,2185,0,84
0.3782,1873,2185,0,84
0.3785,1873,2185,0,84
0.3789,1873,2185,0,84
0.3793,1873,2185,0,84
0.3797,1873,2185,0,84
0.3801,1873,2185,0,84
0.3808,1873,2185,0,84
0.3811,1873,2185,0,84
0.3815,1873,2185,0,92
0.3819,1873,2185,0,92
0.3823,1873,2185,0,92
0.3827,1873,2185,0,92
0.3831,1873,2185,0,92
0.3835,1873,2185,0,92
0.3839,1873,2185,0,92
0.3843,1873,2185,0,92
0.3847,1873,2185,0,100
0.3851,1873,2185,0,100
0.3855,1873,2185,0,100
0.3859,1873,2185,0,100
0.3863,1873,2185,0,100
0.3867,1873,2185,0,100
0.3871,1873,2185,0,100
0.3875,1873,2185,0,108
0.3879,1873,2185,0,108
0.3885,1873,2185,0,108
0.3889,1873,2185,0,108
0.3893,1873,2185,0,108
0.3897,1873,2185,0,108
0.3901,1875,2184,0,108
0.3908,1875,2184,0,108
0.3912,1875,2184,0,108
0.3916,1875,2184,-50,108
0.3920,1875,2184,-50,108
0.3924,1875,2184,-50,108
0.3928,1875,2184,-50,108
0.3933,1875,2184,-50,116
0.3937,1875,2184,-50,116
0.3942,1875,2184,-50,116
0.3946,1875,2184,-50,116
0.3950,1875,2184,-50,116
0.3954,1875,2184,-50,128
0.3957,1875,2184,-50,128
0.3961,1875,2184,-50,128
0.3966,1875,2183,-50,120
0.3970,1875,2183,-50,120
0.3974,1875,2183,-50,120
0.3978,1875,2183,-50,120
0.3982,1875,2183,-50,120
0.3986,1875,2183,-50,128
0.3990,1875,2183,-50,128
0.3994,1875,2183,-50,128
0.3998,1875,2183,-50,128
0.4001,1881,2182,-50,120
0.4009,1881,2182,-50,120
0.4013,1881,2182,-50,128
0.4017,1881,2182,-50,128
0.4021,1881,2182,-50,128
0.4025,1881,2182,-50,128
0.4029,1881,2182,-50,128
0.4033,1881,2182,-50,136
0.4037,1881,2182,-50,136
0.4041,1881,2182,-50,136
0.4045,1881,2181,-50,128
0.4049,1881,2181,-50,128
0.4053,1881,2181,-50,136
0.4057,1881,2181,-50,136
0.4061,1881,2181,-50,136
0.4065,1881,2181,-50,136
0.4069,1881,2181,-50,136
0.4073,1881,2180,-50,128
0.4077,1881,2180,-50,128
0.4081,1881,2180,-50,128
0.4084,1881,2180,-50,136
0.4088,1881,2180,-50,136
0.4092,1881,2180,-50,136
0.4097,1881,2180,-50,136
0.4100,1889,2179,-50,136
0.4108,1889,2179,-50,136
0.4111,1889,2179,-50,136
0.4115,1889,2179,-250,136
0.4118,1889,2179,-250,136
0.4123,1889,2178,-250,136
0.4127,1889,2178,-250,136
0.4130,1889,2178,-250,136
0.4134,1889,2178,-250,136
0.4138,1889,2178,-250,136
0.4141,1889,2178,-250,136
0.4145,1889,2178,-250,144
0.4149,1889,2178,-250,144
0.4152,1889,2177,-250,116
0.4157,1889,2177,-250,116
0.4160,1889,2177,-250,116
0.4164,1889,2177,-250,124
0.4168,1889,2177,-250,124
0.4172,1889,2177,-250,124
0.4175,1889,2177,-250,124
0.4179,1889,2177,-250,124
0.4183,1889,2176,-250,124
0.4187,1889,2176,-250,124
0.4190,1889,2176,-250,124
0.4194,1889,2176,-250,124
0.4198,1889,2176,-250,124
0.4202,1899,2176,-250,132
0.4209,1899,2176,-250,132
0.4212,1899,2176,-250,132
0.4216,1899,2176,-250,132
0.4220,1899,2176,-250,132
0.4223,1899,2175,-250,132
0.4227,1899,2175,-250,132
0.4231,1899,2175,-250,132
0.4234,1899,2175,-250,132
0.4238,1899,2175,-250,132
0.4242,1899,2174,-250,132
0.4245,1899,2174,-250,132
0.4249,1899,2174,-250,132
0.4253,1899,2174,-250,132
0.4258,1899,2174,-250,132
0.4262,1899,2174,-250,140
0.4265,1899,2174,-250,140
0.4269,1899,2174,-250,140
0.4273,1899,2173,-250,132
0.4277,1899,2173,-250,132
0.4280,1899,2173,-250,132
0.4284,1899,2173,-250,140
0.4288,1899,2173,-250,140
0.4291,1899,2172,-250,132
0.4295,1899,2172,-250,132
0.4299,1899,2172,-250,132
0.4303,1912,2172,-250,140
0.4310,1912,2172,-250,140
0.4314,1912,2171,-400,132
0.4318,1912,2171,-400,132
0.4321,1912,2171,-400,140
0.4325,1912,2171,-400,140
0.4329,1912,2171,-400,140
0.4332,1912,2171,-400,140
0.4337,1912,2171,-400,140
0.4340,1912,2171,-400,140
0.4344,1912,2170,-400,140
0.4348,1912,2170,-400,140
0.4351,1912,2170,-400,160
0.4355,1912,2170,-400,160
0.4358,1912,2170,-400,160
0.4362,1912,2169,-400,152
0.4366,1912,2169,-400,152
0.4369,1912,2169,-400,152
0.4373,1912,2169,-400,160
0.4377,1912,2169,-400,160
0.4380,1912,2169,-400,160
0.4384,1912,2169,-400,160
0.4388,1912,2169,-400,160
0.4392,1912,2168,-400,160
0.4395,1912,2168,-400,160
0.4399,1912,2168,-400,160
0.4403,1927,2168,-400,168
0.4410,1927,2167,-400,160
0.4414,1927,2167,-400,160
0.4418,1927,2167,-400,160
0.4422,1927,2167,-400,168
0.4426,1927,2167,-400,168
0.4430,1927,2167,-400,168
0.4434,1927,2166,-400,160
0.4438,1927,2166,-400,160
0.4441,1927,2166,-400,168
0.4446,1927,2166,-400,168
0.4450,1927,2166,-400,168
0.4454,1927,2166,-400,176
0.4457,1927,2166,-400,176
0.4461,1927,2165,-400,168
0.4466,1927,2165,-400,168
0.4470,1927,2165,-400,176
0.4474,1927,2165,-400,176
0.4478,1927,2165,-400,176
0.4482,1927,2164,-400,176
0.4487,1927,2164,-400,176
0.4490,1927,2164,-400,176
0.4494,1927,2164,-400,176
0.4499,1927,2164,-400,176
0.4503,1943,2163,-400,176
0.4511,1943,2163,-400,184
0.4515,1943,2163,-400,184
0.4519,1943,2163,-400,184
0.4522,1943,2162,-400,176
0.4527,1943,2162,-400,176
0.4530,1943,2162,-400,184
0.4534,1943,2162,-400,184
0.4538,1943,2162,-400,184
0.4542,1943,2161,-400,176
0.4545,1943,2161,-400,176
0.4549,1943,2161,-400,176
0.4553,1943,2161,-400,180
0.4557,1943,2161,-400,180
0.4560,1943,2160,-400,180
0.4564,1943,2160,-400,180
0.4568,1943,2160,-400,180
0.4572,1943,2160,-400,188
0.4575,1943,2160,-400,188
0.4579,1943,2160,-400,188
0.4583,1943,2159,-400,180
0.4587,1943,2159,-400,180
0.4591,1943,2158,-400,180
0.4595,1943,2158,-400,180
0.4599,1943,2158,-400,180
0.4603,1961,2158,-400,188
0.4610,1961,2157,-400,180
0.4614,1961,2157,-400,180
0.4618,1961,2157,-400,180
0.4622,1961,2157,-400,188
0.4626,1961,2157,-400,188
0.4630,1961,2156,-400,188
0.4634,1961,2156,-400,188
0.4637,1961,2156,-400,188
0.4641,1961,2156,-400,188
0.4645,1961,2156,-400,188
0.4649,1961,2156,-400,188
0.4653,1961,2155,-400,188
0.4657,1961,2155,-400,188
0.4661,1961,2155,-400,196
0.4664,1961,2155,-400,196
0.4668,1961,2155,-400,196
0.4672,1961,2154,-400,196
0.4675,1961,2154,-400,196
0.4679,1961,2154,-400,196
0.4683,1961,2154,-400,196
0.4687,1961,2154,-400,196
0.4691,1961,2153,-400,196
0.4694,1961,2153,-400,196
0.4698,1961,2153,-400,196
0.4702,1981,2153,-400,204
0.4709,1981,2152,-550,204
0.4713,1981,2152,-550,204
0.4717,1981,2152,-550,204
0.4720,1981,2151,-550,196
0.4724,1981,2151,-550,196
0.4728,1981,2151,-550,196
0.4732,1981,2151,-550,204
0.4736,1981,2151,-550,204
0.4739,1981,2150,-550,204
0.4743,1981,2150,-550,204
0.4747,1981,2150,-550,204
0.4750,1981,2149,-550,204
0.4754,1981,2149,-550,204
0.4758,1981,2149,-550,204
0.4762,1981,2149,-550,212
0.4767,1981,2149,-550,212
0.4770,1981,2148,-550,204
0.4774,1981,2148,-550,204
0.4778,1981,2148,-550,204
0.4782,1981,2148,-550,212
0.4785,1981,2148,-550,212
0.4789,1981,2147,-550,212
0.4793,1981,2147,-550,212
0.4797,1981,2147,-550,212
0.4802,2001,2146,-550,212
0.4809,2001,2146,-550,212
0.4813,2001,2146,-550,212
0.4817,2001,2146,-550,212
0.4820,2001,2145,-550,212
0.4824,2001,2145,-550,212
0.4829,2001,2144,-550,212
0.4833,2001,2144,-550,212
0.4837,2001,2144,-550,212
0.4840,2001,2144,-550,220
0.4844,2001,2144,-550,220
0.4848,2001,2144,-550,220
0.4852,2001,2143,-550,220
0.4856,2001,2143,-550,220
0.4860,2001,2142,-550,220
0.4863,2001,2142,-550,220
0.4867,2001,2142,-550,220
0.4871,2001,2142,-550,220
0.4875,2001,2142,-550,220
0.4878,2001,2141,-550,220
0.4882,2001,2141,-550,220
0.4887,2001,2141,-550,220
0.4890,2001,2140,-550,220
0.4894,2001,2140,-550,220
0.4898,2001,2140,-550,228
0.4902,2022,2140,-550,228
0.4909,2022,2139,-650,228
0.4912,2022,2139,-650,228
0.4917,2022,2139,-650,228
0.4920,2022,2138,-650,228
0.4924,2022,2138,-650,228
0.4928,2022,2138,-650,228
0.4932,2022,2137,-650,228
0.4935,2022,2137,-650,228
0.4939,2022,2137,-650,228
0.4943,2022,2137,-650,228
0.4947,2022,2137,-650,228
0.4950,2022,2136,-650,228
0.4954,2022,2136,-650,228
0.4958,2022,2136,-650,228
0.4961,2022,2135,-650,228
0.4965,2022,2135,-650,228
0.4969,2022,2135,-650,236
0.4973,2022,2135,-650,236
0.4977,2022,2135,-650,236
0.4982,2022,2134,-650,236
0.4985,2022,2134,-650,236
0.4989,2022,2133,-650,236
0.4993,2022,2133,-650,236
0.4997,2022,2133,-650,236
0.5000,2043,2133,-650,244
0.5008,2043,2133,-650,244
0.5011,2043,2132,-650,244
0.5015,2043,2132,-650,244
0.5019,2043,2131,-650,244
0.5023,2043,2131,-650,244
0.5027,2043,2131,-650,244
0.5031,2043,2130,-650,236
0.5035,2043,2130,-650,236
0.5039,2043,2129,-650,236
0.5043,2043,2129,-650,236
0.5047,2043,2129,-650,236
0.5051,2043,2129,-650,244
0.5055,2043,2129,-650,244
0.5059,2043,2128,-650,244
0.5063,2043,2128,-650,244
0.5067,2043,2128,-650,244
0.5070,2043,2127,-650,244
0.5075,2043,2127,-650,244
0.5078,2043,2126,-650,244
0.5082,2043,2126,-650,244
0.5087,2043,2126,-650,244
0.5091,2043,2126,-650,252
0.5094,2043,2126,-650,252
0.5098,2043,2125,-650,244
0.5102,2065,2125,-650,244
0.5109,2065,2124,-750,244
0.5113,2065,2124,-750,244
0.5117,2065,2124,-750,244
0.5120,2065,2124,-750,252
0.5124,2065,2124,-750,252
0.5128,2065,2123,-750,252
0.5133,2065,2123,-750,252
0.5138,2065,2122,-750,252
0.5142,2065,2122,-750,252
0.5147,2065,2121,-750,252
0.5151,2065,2121,-750,252
0.5157,2065,2120,-750,244
0.5161,2065,2120,-750,244
0.5185,2065,2119,-750,252
0.5190,2065,2118,-750,252
0.5194,2065,2118,-750,252
0.5197,2065,2117,-750,252
0.5201,2086,2117,-750,252
0.5208,2086,2116,-750,244
0.5212,2086,2116,-750,244
0.5216,2086,2116,-750,244
0.5220,2086,2115,-750,244
0.5224,2086,2115,-750,244
0.5227,2086,2115,-750,252
0.5231,2086,2115,-750,252
0.5235,2086,2115,-750,252
0.5239,2086,2114,-750,252
0.5243,2086,2114,-750,252
0.5247,2086,2113,-750,252
0.5250,2086,2113,-750,252
0.5254,2086,2113,-750,252
0.5258,2086,2112,-750,244
0.5262,2086,2112,-750,244
0.5267,2086,2111,-750,244
0.5271,2086,2111,-750,244
0.5274,2086,2111,-750,244
0.5278,2086,2111,-750,252
0.5282,2086,2111,-750,252
0.5285,2086,2111,-750,252
0.5289,2086,2110,-750,252
0.5293,2086,2110,-750,252
0.5297,2086,2109,-750,244
0.5301,2106,2109,-750,244
0.5308,2106,2108,-800,244
0.5311,2106,2108,-800,244
0.5315,2106,2108,-800,244
0.5319,2106,2107,-800,244
0.5323,2106,2107,-800,244
0.5327,2106,2106,-800,244
0.5330,2106,2106,-800,244
0.5334,2106,2106,-800,244
0.5338,2106,2106,-800,244
0.5342,2106,2106,-800,244
0.5345,2106,2106,-800,244
0.5349,2106,2105,-800,228
0.5353,2106,2105,-800,228
0.5357,2106,2104,-800,228
0.5360,2106,2104,-800,228
0.5364,2106,2104,-800,228
0.5368,2106,2103,-800,228
0.5371,2106,2103,-800,228
0.5375,2106,2103,-800,228
0.5379,2106,2102,-800,220
0.5382,2106,2102,-800,220
0.5387,2106,2102,-800,228
0.5390,2106,2102,-800,228
0.5394,2106,2102,-800,228
0.5398,2106,2101,-800,228
0.5401,2125,2101,-800,228
0.5408,2125,2100,-800,220
0.5412,2125,2100,-800,220
0.5417,2125,2099,-800,220
0.5420,2125,2099,-800,220
0.5424,2125,2099,-800,220
0.5428,2125,2098,-800,220
0.5431,2125,2098,-800,220
0.5435,2125,2098,-800,220
0.5438,2125,2097,-800,212
0.5442,2125,2097,-800,212
0.5447,2125,2096,-800,212
0.5451,2125,2096,-800,212
0.5455,2125,2096,-800,212
0.5458,2125,2096,-800,220
0.5462,2125,2096,-800,220
0.5466,2125,2095,-800,212
0.5470,2125,2095,-800,212
0.5473,2125,2095,-800,212
0.5477,2125,2094,-800,212
0.5481,2125,2094,-800,212
0.5485,2125,2094,-800,212
0.5488,2125,2093,-800,212
0.5492,2125,2093,-800,212
0.5495,2125,2092,-800,204
0.5499,2125,2092,-800,204
0.5504,2144,2091,-850,204
0.5511,2144,2091,-850,204
0.5515,2144,2091,-850,204
0.5519,2144,2091,-850,212
0.5523,2144,2091,-850,212
0.5527,2144,2090,-850,204
0.5530,2144,2090,-850,204
0.5534,2144,2090,-850,204
0.5538,2144,2089,-850,204
0.5541,2144,2089,-850,204
0.5545,2144,2089,-850,204
0.5548,2144,2088,-850,196
0.5552,2144,2088,-850,196
0.5556,2144,2087,-850,188
0.5559,2144,2087,-850,188
0.5563,2144,2087,-850,188
0.5567,2144,2086,-850,188
0.5571,2144,2086,-850,188
0.5574,2144,2086,-850,188
0.5578,2144,2086,-850,188
0.5582,2144,2086,-850,188
0.5585,2144,2085,-850,188
0.5589,2144,2085,-850,188
0.5593,2144,2085,-850,188
0.5597,2144,2084,-850,188
0.5601,2160,2084,-850,188
0.5608,2160,2083,-850,180
0.5612,2160,2083,-850,180
0.5615,2160,2082,-850,180
0.5619,2160,2082,-850,180
0.5623,2160,2082,-850,180
0.5627,2160,2082,-850,180
0.5630,2160,2082,-850,180
0.5634,2160,2082,-850,180
0.5638,2160,2081,-850,180
0.5641,2160,2081,-850,180
0.5645,2160,2080,-850,172
0.5649,2160,2080,-850,172
0.5652,2160,2080,-850,172
0.5657,2160,2079,-850,172
0.5660,2160,2079,-850,172
0.5664,2160,2079,-850,172
0.5668,2160,2078,-850,172
0.5672,2160,2078,-850,172
0.5677,2160,2078,-850,172
0.5681,2160,2078,-850,172
0.5685,2160,2077,-850,172
0.5689,2160,2077,-850,172
0.5693,2160,2077,-850,172
0.5698,2160,2077,-850,172
0.5702,2175,2076,-750,172
0.5710,2175,2076,-750,172
0.5714,2175,2076,-750,172
0.5718,2175,2075,-750,164
0.5722,2175,2075,-750,164
0.5726,2175,2074,-750,164
0.5730,2175,2074,-750,164
0.5734,2175,2074,-750,164
0.5738,2175,2074,-750,164
0.5742,2175,2074,-750,164
0.5746,2175,2073,-750,160
0.5749,2175,2073,-750,160
0.5753,2175,2073,-750,160
0.5757,2175,2072,-750,152
0.5761,2175,2072,-750,152
0.5765,2175,2071,-750,152
0.5769,2175,2071,-750,152
0.5773,2175,2071,-750,152
0.5777,2175,2071,-750,160
0.5781,2175,2071,-750,160
0.5785,2175,2070,-750,152
0.5789,2175,2070,-750,152
0.5793,2175,2070,-750,152
0.5797,2175,2069,-750,152
0.5801,2187,2069,-750,152
0.5809,2187,2069,-750,152
0.5812,2187,2069,-750,152
0.5817,2187,2068,-750,152
0.5821,2187,2068,-750,152
0.5825,2187,2067,-750,144
0.5829,2187,2067,-750,144
0.5832,2187,2067,-750,144
0.5837,2187,2066,-750,136
0.5841,2187,2066,-750,136
0.5845,2187,2066,-750,144
0.5849,2187,2066,-750,144
0.5852,2187,2066,-750,144
0.5857,2187,2065,-750,136
0.5861,2187,2065,-750,136
0.5865,2187,2064,-750,136
0.5869,2187,2064,-750,136
0.5873,2187,2064,-750,136
0.5877,2187,2064,-750,136
0.5881,2187,2064,-750,136
0.5884,2187,2063,-750,136
0.5888,2187,2063,-750,136
0.5892,2187,2063,-750,136
0.5897,2187,2063,-750,136
0.5901,2197,2062,-700,136
0.5908,2197,2062,-700,136
0.5912,2197,2062,-700,136
0.5916,2197,2062,-700,136
0.5920,2197,2062,-700,136
0.5923,2197,2061,-700,136
0.5928,2197,2061,-700,136
0.5931,2197,2061,-700,136
0.5935,2197,2060,-700,128
0.5940,2197,2060,-700,128
0.5944,2197,2059,-700,116
0.5948,2197,2059,-700,116
0.5952,2197,2059,-700,116
0.5956,2197,2059,-700,124
0.5959,2197,2059,-700,124
0.5963,2197,2058,-700,116
0.5968,2197,2058,-700,116
0.5971,2197,2058,-700,116
0.5976,2197,2057,-700,116
0.5980,2197,2057,-700,116
0.5984,2197,2057,-700,116
0.5988,2197,2057,-700,116
0.5992,2197,2057,-700,116
0.5997,2197,2056,-700,108
0.6001,2205,2055,-700,108
0.6010,2205,2055,-700,108
0.6015,2205,2055,-700,108
0.6018,2205,2055,-700,108
0.6022,2205,2055,-700,108
0.6027,2205,2055,-700,116
0.6032,2205,2055,-700,116
0.6036,2205,2054,-700,108
0.6040,2205,2054,-700,108
0.6043,2205,2054,-700,108
0.6047,2205,2054,-700,108
0.6051,2205,2054,-700,108
0.6055,2205,2053,-700,108
0.6059,2205,2053,-700,108
0.6063,2205,2052,-700,100
0.6067,2205,2052,-700,100
0.6071,2205,2052,-700,100
0.6075,2205,2052,-700,100
0.6078,2205,2052,-700,100
0.6082,2205,2052,-700,100
0.6087,2205,2051,-700,100
0.6091,2205,2051,-700,100
0.6095,2205,2051,-700,100
0.6099,2205,2051,-700,100
0.6103,2211,2050,-600,100
0.6110,2211,2050,-600,100
0.6114,2211,2050,-600,100
0.6118,2211,2050,-600,100
0.6122,2211,2049,-600,92
0.6127,2211,2049,-600,92
0.6131,2211,2049,-600,92
0.6135,2211,2049,-600,100
0.6139,2211,2049,-600,100
0.6143,2211,2049,-600,112
0.6147,2211,2049,-600,112
0.6150,2211,2049,-600,112
0.6154,2211,2048,-600,104
0.6158,2211,2048,-600,104
0.6162,2211,2048,-600,104
0.6165,2211,2047,-600,104
0.6169,2211,2047,-600,104
0.6173,2211,2047,-600,104
0.6177,2211,2047,-600,104
0.6180,2211,2047,-600,104
0.6184,2211,2046,-600,96
0.6188,2211,2046,-600,96
0.6192,2211,2046,-600,96
0.6196,2211,2046,-600,96
0.6199,2211,2046,-600,96
0.6203,2213,2045,-600,96
0.6211,2213,2045,-600,96
0.6214,2213,2045,-600,96
0.6218,2213,2045,-600,96
0.6222,2213,2045,-600,96
0.6225,2213,2044,-600,88
0.6229,2213,2044,-600,88
0.6233,2213,2044,-600,96
0.6237,2213,2044,-600,96
0.6240,2213,2044,-600,96
0.6244,2213,2044,-600,96
0.6248,2213,2044,-600,96
0.6252,2213,2043,-600,88
0.6255,2213,2043,-600,88
0.6259,2213,2043,-600,88
0.6264,2213,2043,-600,88
0.6267,2213,2043,-600,88
0.6271,2213,2043,-600,88
0.6274,2213,2042,-600,88
0.6278,2213,2042,-600,88
0.6282,2213,2042,-600,88
0.6285,2213,2042,-600,88
0.6289,2213,2042,-600,88
0.6293,2213,2041,-600,80
0.6297,2213,2041,-600,80
0.6300,2213,2041,-450,80
0.6307,2213,2041,-450,80
0.6311,2213,2041,-450,80
0.6314,2213,2041,-450,88
0.6318,2213,2041,-450,88
0.6322,2213,2040,-450,80
0.6326,2213,2040,-450,80
0.6329,2213,2040,-450,80
0.6333,2213,2040,-450,80
0.6337,2213,2040,-450,80
0.6340,2213,2040,-450,80
0.6344,2213,2039,-450,60
0.6348,2213,2039,-450,60
0.6351,2213,2039,-450,60
0.6355,2213,2039,-450,68
0.6358,2213,2039,-450,68
0.6362,2213,2039,-450,68
0.6366,2213,2039,-450,68
0.6369,2213,2039,-450,68
0.6373,2213,2038,-450,60
0.6377,2213,2038,-450,60
0.6380,2213,2038,-450,60
0.6384,2213,2038,-450,60
0.6388,2213,2038,-450,60
0.6391,2213,2037,-450,52
0.6395,2213,2037,-450,52
0.6399,2213,2037,-450,52
0.6403,2211,2037,-450,60
0.6410,2211,2037,-450,60
0.6414,2211,2036,-450,52
0.6418,2211,2036,-450,52
0.6422,2211,2036,-450,52
0.6427,2211,2036,-450,52
0.6431,2211,2036,-450,52
0.6435,2211,2036,-450,52
0.6438,2211,2036,-450,52
0.6442,2211,2035,-450,44
0.6447,2211,2035,-450,44
0.6451,2211,2035,-450,44
0.6455,2211,2035,-450,44
0.6458,2211,2035,-450,44
0.6462,2211,2035,-450,52
0.6468,2211,2035,-450,52
0.6472,2211,2034,-450,44
0.6476,2211,2034,-450,44
0.6480,2211,2034,-450,44
0.6484,2211,2034,-450,44
0.6488,2211,2034,-450,44
0.6492,2211,2034,-450,44
0.6496,2211,2034,-450,44
0.6500,2211,2034,-450,44
0.6504,2205,2034,-350,44
0.6511,2205,2034,-350,44
0.6516,2205,2034,-350,44
0.6520,2205,2034,-350,44
0.6524,2205,2033,-350,44
0.6528,2205,2033,-350,44
0.6532,2205,2033,-350,44
0.6536,2205,2033,-350,44
0.6539,2205,2033,-350,44
0.6543,2205,2033,-350,56
0.6548,2205,2033,-350,56
0.6552,2205,2033,-350,56
0.6556,2205,2033,-350,56
0.6559,2205,2033,-350,56
0.6563,2205,2032,-350,48
0.6567,2205,2032,-350,48
0.6571,2205,2032,-350,48
0.6575,2205,2032,-350,48
0.6579,2205,2032,-350,48
0.6583,2205,2032,-350,48
0.6587,2205,2032,-350,48
0.6591,2205,2031,-350,40
0.6595,2205,2031,-350,40
0.6599,2205,2031,-350,40
0.6603,2197,2031,-350,40
0.6611,2197,2031,-350,48
0.6615,2197,2031,-350,48
0.6619,2197,2031,-350,48
0.6622,2197,2031,-350,48
0.6627,2197,2031,-350,48
0.6630,2197,2030,-350,40
0.6634,2197,2030,-350,40
0.6638,2197,2030,-350,40
0.6642,2197,2030,-350,40
0.6645,2197,2030,-350,40
0.6649,2197,2030,-350,40
0.6653,2197,2030,-350,40
0.6657,2197,2030,-350,40
0.6660,2197,2030,-350,40
0.6664,2197,2030,-350,40
0.6668,2197,2030,-350,40
0.6672,2197,2030,-350,40
0.6676,2197,2030,-350,40
0.6680,2197,2029,-350,32
0.6684,2197,2029,-350,32
0.6688,2197,2029,-350,32
0.6691,2197,2029,-350,32
0.6695,2197,2029,-350,32
0.6699,2197,2029,-250,32
0.6703,2187,2029,-250,32
0.6711,2187,2029,-250,32
0.6715,2187,2029,-250,32
0.6719,2187,2029,-250,32
0.6722,2187,2029,-250,32
0.6727,2187,2029,-250,32
0.6731,2187,2028,-250,24
0.6735,2187,2028,-250,24
0.6740,2187,2028,-250,0
0.6744,2187,2028,-250,0
0.6748,2187,2028,-250,0
0.6753,2187,2028,-250,0
0.6757,2187,2028,-250,0
0.6761,2187,2028,-250,0
0.6765,2187,2028,-250,0
0.6769,2187,2028,-250,0
0.6772,2187,2028,-250,-24
0.6777,2187,2028,-250,-24
0.6781,2187,2028,-250,-24
0.6785,2187,2028,-250,-24
0.6789,2187,2028,-250,-24
0.6793,2187,2028,-250,-24
0.6797,2187,2028,-250,-24
0.6801,2174,2027,-250,-32
0.6808,2174,2027,-250,-32
0.6812,2174,2027,-250,-32
0.6817,2174,2027,-250,-32
0.6821,2174,2027,-250,-32
0.6825,2174,2027,-250,-32
0.6829,2174,2027,-250,-32
0.6833,2174,2027,-250,-32
0.6837,2174,2027,-250,-32
0.6841,2174,2027,-250,-32
0.6845,2174,2027,-250,-32
0.6849,2174,2027,-250,-32
0.6853,2174,2027,-250,-32
0.6857,2174,2027,-250,-32
0.6861,2174,2027,-250,-32
0.6865,2174,2027,-250,-32
0.6869,2174,2027,-250,-32
0.6873,2174,2027,-250,-32
0.6877,2174,2027,-250,-32
0.6881,2174,2026,-250,-32
0.6885,2174,2026,-250,-32
0.6889,2174,2026,-250,-32
0.6893,2174,2026,-250,-32
0.6897,2174,2026,-250,-32
0.6901,2160,2026,-150,-32
0.6909,2160,2026,-150,-32
0.6913,2160,2026,-150,-32
0.6917,2160,2026,-150,-32
0.6921,2160,2026,-150,-32
0.6925,2160,2026,-150,-32
0.6929,2160,2026,-150,-40
0.6933,2160,2026,-150,-40
0.6937,2160,2026,-150,-40
0.6941,2160,2026,-150,-36
0.6945,2160,2026,-150,-36
0.6949,2160,2026,-150,-36
0.6953,2160,2026,-150,-36
0.6957,2160,2026,-150,-36
0.6961,2160,2026,-150,-36
0.6965,2160,2026,-150,-36
0.6969,2160,2026,-150,-36
0.6973,2160,2026,-150,-36
0.6977,2160,2026,-150,-36
0.6981,2160,2026,-150,-36
0.6985,2160,2026,-150,-36
0.6989,2160,2026,-150,-44
0.6993,2160,2026,-150,-44
0.6997,2160,2026,-150,-44
0.7001,2143,2026,-150,-44
0.7009,2143,2026,-150,-44
0.7013,2143,2026,-150,-44
0.7017,2143,2026,-150,-44
0.7021,2143,2026,-150,-44
0.7025,2143,2026,-150,-44
0.7029,2143,2026,-150,-52
0.7033,2143,2026,-150,-52
0.7037,2143,2026,-150,-52
0.7041,2143,2026,-150,-52
0.7045,2143,2026,-150,-52
0.7049,2143,2026,-150,-52
0.7053,2143,2026,-150,-52
0.7058,2143,2026,-150,-52
0.7062,2143,2026,-150,-52
0.7066,2143,2026,-150,-52
0.7069,2143,2026,-150,-52
0.7073,2143,2026,-150,-52
0.7077,2143,2026,-150,-52
0.7081,2143,2026,-150,-60
0.7085,2143,2026,-150,-60
0.7089,2143,2026,-150,-60
0.7094,2143,2026,-150,-60
0.7098,2143,2026,0,-60
0.7102,2125,2026,0,-60
0.7110,2125,2026,0,-60
0.7114,2125,2026,0,-60
0.7118,2125,2026,0,-68
0.7122,2125,2026,0,-68
0.7127,2125,2026,0,-68
0.7131,2125,2026,0,-68
0.7135,2125,2026,0,-68
0.7139,2125,2026,0,-72
0.7143,2125,2026,0,-72
0.7147,2125,2026,0,-72
0.7151,2125,2026,0,-72
0.7155,2125,2026,0,-72
0.7159,2125,2026,0,-80
0.7163,2125,2026,0,-80
0.7167,2125,2026,0,-80
0.7171,2125,2026,0,-80
0.7175,2125,2026,0,-80
0.7179,2125,2026,0,-80
0.7183,2125,2026,0,-80
0.7187,2125,2026,0,-88
0.7191,2125,2026,0,-88
0.7195,2125,2026,0,-88
0.7199,2125,2026,0,-88
0.7203,2105,2026,0,-88
0.7211,2105,2026,0,-88
0.7214,2105,2026,0,-88
0.7218,2105,2026,0,-96
0.7222,2105,2026,0,-96
0.7225,2105,2026,0,-96
0.7229,2105,2026,0,-96
0.7233,2105,2026,0,-96
0.7237,2105,2026,0,-96
0.7240,2105,2027,0,-88
0.7244,2105,2027,0,-88
0.7247,2105,2027,0,-96
0.7251,2105,2027,0,-96
0.7255,2105,2027,0,-96
0.7258,2105,2027,0,-96
0.7262,2105,2027,0,-96
0.7266,2105,2027,0,-96
0.7270,2105,2027,0,-96
0.7273,2105,2027,0,-96
0.7277,2105,2027,0,-104
0.7280,2105,2027,0,-104
0.7284,2105,2027,0,-104
0.7288,2105,2027,0,-104
0.7291,2105,2027,0,-104
0.7295,2105,2027,0,-104
0.7299,2105,2027,50,-104
0.7302,2085,2027,50,-104
0.7309,2085,2028,50,-104
0.7313,2085,2028,50,-104
0.7317,2085,2028,50,-104
0.7321,2085,2028,50,-104
0.7324,2085,2028,50,-104
0.7328,2085,2028,50,-104
0.7331,2085,2028,50,-104
0.7335,2085,2028,50,-104
0.7339,2085,2029,50,-104
0.7343,2085,2029,50,-104
0.7347,2085,2029,50,-104
0.7350,2085,2029,50,-104
0.7354,2085,2029,50,-104
0.7358,2085,2029,50,-104
0.7362,2085,2029,50,-104
0.7366,2085,2029,50,-104
0.7370,2085,2029,50,-112
0.7374,2085,2029,50,-112
0.7378,2085,2029,50,-112
0.7382,2085,2029,50,-112
0.7386,2085,2029,50,-112
0.7389,2085,2030,50,-112
0.7393,2085,2030,50,-112
0.7397,2085,2030,50,-112
0.7401,2064,2030,50,-112
0.7408,2064,2030,50,-112
0.7412,2064,2030,50,-112
0.7417,2064,2031,50,-112
0.7421,2064,2031,50,-112
0.7425,2064,2031,50,-112
0.7429,2064,2031,50,-112
0.7432,2064,2031,50,-112
0.7437,2064,2031,50,-120
0.7440,2064,2031,50,-120
0.7444,2064,2031,50,-120
0.7448,2064,2031,50,-120
0.7452,2064,2031,50,-120
0.7455,2064,2031,50,-120
0.7459,2064,2032,50,-112
0.7463,2064,2032,50,-112
0.7467,2064,2032,50,-120
0.7471,2064,2032,50,-120
0.7475,2064,2032,50,-120
0.7479,2064,2032,50,-120
0.7483,2064,2032,50,-120
0.7487,2064,2033,50,-120
0.7491,2064,2033,50,-120
0.7494,2064,2033,50,-120
0.7498,2064,2033,300,-120
0.7502,2043,2033,300,-128
0.7509,2043,2033,300,-128
0.7513,2043,2033,300,-128
0.7517,2043,2033,300,-128
0.7521,2043,2033,300,-128
0.7525,2043,2033,300,-128
0.7529,2043,2034,300,-128
0.7533,2043,2034,300,-128
0.7537,2043,2034,300,-124
0.7541,2043,2034,300,-124
0.7545,2043,2034,300,-124
0.7549,2043,2034,300,-124
0.7553,2043,2034,300,-124
0.7557,2043,2035,300,-124
0.7561,2043,2035,300,-124
0.7565,2043,2035,300,-124
0.7568,2043,2035,300,-124
0.7572,2043,2035,300,-124
0.7577,2043,2035,300,-132
0.7581,2043,2035,300,-132
0.7584,2043,2035,300,-132
0.7588,2043,2036,300,-124
0.7592,2043,2036,300,-124
0.7597,2043,2036,300,-124
0.7601,2021,2036,300,-124
0.7608,2021,2036,300,-132
0.7612,2021,2036,300,-132
0.7615,2021,2037,300,-124
0.7620,2021,2037,300,-124
0.7623,2021,2037,300,-124
0.7627,2021,2037,300,-132
0.7631,2021,2037,300,-132
0.7635,2021,2037,300,-132
0.7639,2021,2038,300,-124
0.7642,2021,2038,300,-124
0.7647,2021,2038,300,-124
0.7651,2021,2038,300,-124
0.7654,2021,2038,300,-124
0.7658,2021,2039,300,-124
0.7662,2021,2039,300,-124
0.7667,2021,2039,300,-124
0.7671,2021,2039,300,-124
0.7674,2021,2039,300,-124
0.7678,2021,2039,300,-124
0.7682,2021,2039,300,-124
0.7687,2021,2040,300,-124
0.7690,2021,2040,300,-124
0.7694,2021,2040,300,-124
0.7698,2021,2040,350,-124
0.7702,2000,2041,350,-116
0.7709,2000,2041,350,-116
0.7713,2000,2041,350,-116
0.7717,2000,2041,350,-124
0.7721,2000,2041,350,-124
0.7725,2000,2042,350,-116
0.7729,2000,2042,350,-116
0.7733,2000,2042,350,-116
0.7737,2000,2042,350,-100
0.7740,2000,2042,350,-100
0.7745,2000,2042,350,-108
0.7748,2000,2042,350,-108
0.7752,2000,2042,350,-108
0.7757,2000,2042,350,-108
0.7760,2000,2042,350,-108
0.7764,2000,2042,350,-108
0.7768,2000,2042,350,-108
0.7772,2000,2042,350,-108
0.7775,2000,2043,350,-108
0.7779,2000,2043,350,-108
0.7783,2000,2043,350,-108
0.7787,2000,2043,350,-108
0.7791,2000,2043,350,-108
0.7794,2000,2044,350,-100
0.7798,2000,2044,350,-100
0.7802,1980,2044,350,-100
0.7810,1980,2044,350,-100
0.7814,1980,2045,350,-100
0.7818,1980,2045,350,-100
0.7822,1980,2045,350,-100
0.7825,1980,2045,350,-100
0.7829,1980,2045,350,-100
0.7833,1980,2045,350,-100
0.7837,1980,2045,350,-100
0.7840,1980,2045,350,-100
0.7844,1980,2045,350,-100
0.7847,1980,2046,350,-92
0.7851,1980,2046,350,-92
0.7855,1980,2046,350,-100
0.7858,1980,2046,350,-100
0.7862,1980,2046,350,-100
0.7867,1980,2047,350,-92
0.7871,1980,2047,350,-92
0.7874,1980,2047,350,-92
0.7878,1980,2047,350,-92
0.7882,1980,2047,350,-92
0.7887,1980,2048,350,-92
0.7891,1980,2048,350,-92
0.7894,1980,2048,400,-92
0.7898,1980,2048,400,-92
0.7902,1960,2048,400,-92
0.7909,1960,2048,400,-92
0.7913,1960,2048,400,-92
0.7917,1960,2048,400,-92
0.7920,1960,2048,400,-92
0.7924,1960,2049,400,-84
0.7928,1960,2049,400,-84
0.7931,1960,2049,400,-84
0.7935,1960,2049,400,-92
0.7938,1960,2049,400,-92
0.7942,1960,2049,400,-92
0.7945,1960,2050,400,-84
0.7949,1960,2050,400,-84
0.7953,1960,2050,400,-84
0.7956,1960,2050,400,-84
0.7960,1960,2050,400,-84
0.7964,1960,2050,400,-84
0.7967,1960,2050,400,-84
0.7971,1960,2050,400,-84
0.7975,1960,2051,400,-76
0.7978,1960,2051,400,-76
0.7982,1960,2051,400,-76
0.7985,1960,2051,400,-84
0.7989,1960,2051,400,-84
0.7993,1960,2051,400,-84
0.7997,1960,2051,400,-84
0.8000,1943,2052,400,-76
0.8007,1943,2052,400,-76
0.8011,1943,2052,400,-76
0.8015,1943,2052,400,-76
0.8018,1943,2052,400,-76
0.8022,1943,2052,400,-76
0.8026,1943,2053,400,-68
0.8030,1943,2053,400,-68
0.8033,1943,2053,400,-76
0.8037,1943,2053,400,-76
0.8041,1943,2053,400,-76
0.8045,1943,2053,400,-76
0.8049,1943,2053,400,-76
0.8053,1943,2053,400,-76
0.8057,1943,2054,400,-68
0.8060,1943,2054,400,-68
0.8064,1943,2054,400,-68
0.8068,1943,2054,400,-68
0.8072,1943,2054,400,-68
0.8075,1943,2054,400,-68
0.8079,1943,2054,400,-68
0.8083,1943,2054,400,-68
0.8087,1943,2054,400,-68
0.8091,1943,2054,400,-68
0.8094,1943,2055,350,-60
0.8098,1943,2055,350,-60
0.8101,1926,2055,350,-68
0.8108,1926,2055,350,-68
0.8112,1926,2055,350,-68
0.8115,1926,2055,350,-68
0.8119,1926,2055,350,-68
0.8123,1926,2056,350,-60
0.8127,1926,2056,350,-60
0.8130,1926,2056,350,-60
0.8134,1926,2056,350,-48
0.8138,1926,2056,350,-48
0.8141,1926,2056,350,-48
0.8145,1926,2057,350,-40
0.8148,1926,2057,350,-40
0.8152,1926,2057,350,-40
0.8155,1926,2057,350,-40
0.8159,1926,2057,350,-40
0.8163,1926,2057,350,-40
0.8167,1926,2057,350,-40
0.8170,1926,2057,350,-40
0.8174,1926,2058,350,-32
0.8177,1926,2058,350,-32
0.8181,1926,2058,350,-32
0.8185,1926,2058,350,-40
0.8188,1926,2058,350,-40
0.8192,1926,2058,350,-40
0.8196,1926,2058,350,-40
0.8199,1926,2058,350,-40
0.8203,1911,2058,350,-40
0.8210,1911,2058,350,-40
0.8214,1911,2059,350,-32
0.8217,1911,2059,350,-32
0.8221,1911,2059,350,-32
0.8225,1911,2059,350,-32
0.8228,1911,2059,350,-32
0.8232,1911,2059,350,-32
0.8237,1911,2059,350,-32
0.8240,1911,2059,350,-32
0.8244,1911,2059,350,-32
0.8248,1911,2059,350,-32
0.8251,1911,2059,350,-32
0.8255,1911,2060,350,-24
0.8258,1911,2060,350,-24
0.8262,1911,2060,350,-24
0.8266,1911,2060,350,-24
0.8269,1911,2060,350,-24
0.8273,1911,2060,350,-24
0.8277,1911,2060,350,-24
0.8280,1911,2060,350,-24
0.8284,1911,2060,350,-24
0.8288,1911,2060,350,-24
0.8291,1911,2060,350,-24
0.8295,1911,2061,300,0
0.8298,1911,2061,300,0
0.8302,1899,2061,300,0
0.8309,1899,2061,300,0
0.8313,1899,2061,300,0
0.8317,1899,2061,300,0
0.8320,1899,2061,300,0
0.8324,1899,2061,300,0
0.8327,1899,2061,300,0
0.8331,1899,2061,300,0
0.8335,1899,2061,300,0
0.8339,1899,2061,300,0
0.8342,1899,2061,300,0
0.8347,1899,2061,300,0
0.8350,1899,2061,300,0
0.8354,1899,2062,300,24
0.8357,1899,2062,300,24
0.8361,1899,2062,300,24
0.8364,1899,2062,300,32
0.8368,1899,2062,300,32
0.8371,1899,2062,300,32
0.8375,1899,2062,300,32
0.8378,1899,2062,300,32
0.8382,1899,2062,300,32
0.8386,1899,2062,300,32
0.8389,1899,2062,300,32
0.8393,1899,2062,300,32
0.8397,1899,2062,300,32
0.8400,1889,2063,300,32
0.8407,1889,2063,300,32
0.8411,1889,2063,300,32
0.8415,1889,2063,300,32
0.8418,1889,2063,300,32
0.8422,1889,2063,300,32
0.8425,1889,2063,300,32
0.8429,1889,2063,300,32
0.8433,1889,2063,300,32
0.8437,1889,2063,300,32
0.8440,1889,2063,300,32
0.8444,1889,2063,300,32
0.8448,1889,2063,300,32
0.8451,1889,2063,300,32
0.8456,1889,2063,300,32
0.8460,1889,2063,300,32
0.8463,1889,2063,300,32
0.8467,1889,2063,300,32
0.8471,1889,2063,300,32
0.8475,1889,2063,300,32
0.8479,1889,2063,300,32
0.8482,1889,2063,300,32
0.8487,1889,2063,300,32
0.8491,1889,2063,300,32
0.8494,1889,2063,100,32
0.8498,1889,2063,100,32
0.8502,1881,2063,100,32
0.8509,1881,2063,100,32
0.8513,1881,2063,100,32
0.8517,1881,2063,100,32
0.8521,1881,2063,100,40
0.8525,1881,2063,100,40
0.8529,1881,2063,100,40
0.8533,1881,2063,100,36
0.8537,1881,2063,100,36
0.8540,1881,2063,100,36
0.8544,1881,2063,100,36
0.8548,1881,2063,100,36
0.8552,1881,2063,100,36
0.8557,1881,2063,100,36
0.8561,1881,2063,100,36
0.8564,1881,2063,100,36
0.8568,1881,2063,100,36
0.8572,1881,2063,100,44
0.8577,1881,2063,100,44
0.8580,1881,2063,100,44
0.8584,1881,2063,100,44
0.8588,1881,2063,100,44
0.8591,1881,2063,100,44
0.8595,1881,2063,100,44
0.8599,1881,2063,100,44
0.8603,1875,2063,100,44
0.8610,1875,2063,100,44
0.8614,1875,2063,100,44
0.8618,1875,2063,100,44
0.8621,1875,2063,100,52
0.8625,1875,2063,100,52
0.8629,1875,2063,100,52
0.8632,1875,2063,100,52
0.8637,1875,2063,100,52
0.8640,1875,2063,100,52
0.8644,1875,2063,100,52
0.8648,1875,2063,100,52
0.8652,1875,2063,100,52
0.8655,1875,2063,100,52
0.8659,1875,2063,100,52
0.8663,1875,2063,100,60
0.8667,1875,2063,100,60
0.8671,1875,2063,100,60
0.8674,1875,2063,100,60
0.8678,1875,2063,100,60
0.8682,1875,2063,100,60
0.8685,1875,2063,100,60
0.8689,1875,2063,100,60
0.8693,1875,2063,0,60
0.8696,1875,2063,0,60
0.8700,1873,2063,0,68
0.8707,1873,2063,0,68
0.8710,1873,2063,0,68
0.8714,1873,2063,0,68
0.8718,1873,2063,0,68
0.8721,1873,2063,0,68
0.8725,1873,2063,0,68
0.8728,1873,2063,0,68
0.8732,1873,2063,0,72
0.8735,1873,2063,0,72
0.8739,1873,2063,0,72
0.8742,1873,2063,0,80
0.8747,1873,2063,0,80
0.8750,1873,2063,0,80
0.8754,1873,2063,0,80
0.8757,1873,2063,0,80
0.8761,1873,2063,0,80
0.8764,1873,2063,0,80
0.8768,1873,2063,0,80
0.8771,1873,2063,0,88
0.8775,1873,2063,0,88
0.8778,1873,2063,0,88
0.8782,1873,2063,0,88
0.8785,1873,2063,0,88
0.8789,1873,2063,0,88
0.8793,1873,2063,0,88
0.8797,1873,2063,0,88
0.8800,1873,2063,0,88
0.8807,1873,2063,0,88
0.8810,1873,2063,0,96
0.8814,1873,2063,0,96
0.8818,1873,2063,0,96
0.8821,1873,2062,0,88
0.8825,1873,2062,0,88
0.8829,1873,2062,0,88
0.8833,1873,2062,0,88
0.8837,1873,2062,0,88
0.8840,1873,2062,0,96
0.8844,1873,2062,0,96
0.8847,1873,2062,0,96
0.8851,1873,2062,0,96
0.8854,1873,2062,0,96
0.8858,1873,2062,0,96
0.8861,1873,2062,0,96
0.8865,1873,2062,0,96
0.8868,1873,2062,0,96
0.8872,1873,2061,0,96
0.8875,1873,2061,0,96
0.8879,1873,2061,0,96
0.8883,1873,2061,0,96
0.8886,1873,2061,0,96
0.8890,1873,2061,-100,96
0.8894,1873,2061,-100,96
0.8897,1873,2061,-100,96
0.8901,1875,2061,-100,104
0.8907,1875,2061,-100,104
0.8911,1875,2061,-100,104
0.8914,1875,2061,-100,104
0.8918,1875,2061,-100,104
0.8921,1875,2060,-100,104
0.8925,1875,2060,-100,104
0.8929,1875,2060,-100,104
0.8932,1875,2060,-100,104
0.8936,1875,2060,-100,104
0.8939,1875,2060,-100,104
0.8943,1875,2060,-100,104
0.8946,1875,2060,-100,104
0.8950,1875,2060,-100,112
0.8954,1875,2060,-100,112
0.8957,1875,2060,-100,112
0.8961,1875,2059,-100,104
0.8964,1875,2059,-100,104
0.8968,1875,2059,-100,104
0.8971,1875,2059,-100,104
0.8975,1875,2059,-100,104
0.8978,1875,2059,-100,104
0.8983,1875,2059,-100,112
0.8987,1875,2059,-100,112
0.8991,1875,2058,-100,104
0.8994,1875,2058,-100,104
0.8998,1875,2058,-100,104
0.9001,1881,2058,-100,112
0.9007,1881,2058,-100,112
0.9011,1881,2058,-100,112
0.9015,1881,2058,-100,112
0.9018,1881,2058,-100,112
0.9022,1881,2058,-100,120
0.9025,1881,2058,-100,120
0.9029,1881,2057,-100,112
0.9032,1881,2057,-100,112
0.9037,1881,2057,-100,112
0.9040,1881,2057,-100,112
0.9043,1881,2057,-100,112
0.9047,1881,2057,-100,112
0.9051,1881,2057,-100,120
0.9054,1881,2057,-100,120
0.9058,1881,2057,-100,120
0.9061,1881,2056,-100,112
0.9065,1881,2056,-100,112
0.9068,1881,2056,-100,120
0.9072,1881,2056,-100,120
0.9075,1881,2056,-100,120
0.9079,1881,2056,-100,120
0.9083,1881,2056,-100,120
0.9087,1881,2056,-100,120
0.9090,1881,2056,-250,128
0.9094,1881,2056,-250,128
0.9098,1881,2056,-250,128
0.9101,1889,2055,-250,120
0.9110,1889,2055,-250,128
0.9114,1889,2055,-250,128
0.9117,1889,2055,-250,128
0.9121,1889,2055,-250,128
0.9124,1889,2055,-250,128
0.9128,1889,2055,-250,124
0.9132,1889,2055,-250,124
0.9135,1889,2055,-250,124
0.9139,1889,2054,-250,124
0.9142,1889,2054,-250,124
0.9146,1889,2054,-250,124
0.9150,1889,2054,-250,124
0.9154,1889,2054,-250,124
0.9157,1889,2054,-250,124
0.9161,1889,2054,-250,132
0.9164,1889,2054,-250,132
0.9167,1889,2054,-250,132
0.9171,1889,2053,-250,124
0.9174,1889,2053,-250,124
0.9178,1889,2053,-250,132
0.9182,1889,2053,-250,132
0.9185,1889,2053,-250,132
0.9189,1889,2053,-250,132
0.9194,1889,2053,-250,132
0.9197,1889,2052,-250,132
0.9201,1899,2052,-250,132
0.9208,1899,2051,-250,124
0.9211,1899,2051,-250,124
0.9215,1899,2051,-250,124
0.9219,1899,2051,-250,132
0.9223,1899,2051,-250,132
0.9227,1899,2051,-250,132
0.9231,1899,2051,-250,132
0.9235,1899,2051,-250,132
0.9238,1899,2051,-250,140
0.9242,1899,2051,-250,140
0.9247,1899,2051,-250,140
0.9251,1899,2050,-250,140
0.9255,1899,2050,-250,140
0.9258,1899,2050,-250,140
0.9262,1899,2050,-250,140
0.9267,1899,2050,-250,140
0.9270,1899,2049,-250,140
0.9274,1899,2049,-250,140
0.9278,1899,2049,-250,140
0.9281,1899,2049,-250,140
0.9285,1899,2049,-250,140
0.9288,1899,2049,-350,148
0.9292,1899,2049,-350,148
0.9297,1899,2049,-350,148
0.9301,1912,2048,-350,140
0.9308,1912,2048,-350,148
0.9312,1912,2048,-350,148
0.9316,1912,2048,-350,148
0.9319,1912,2048,-350,148
0.9323,1912,2048,-350,148
0.9327,1912,2048,-350,148
0.9330,1912,2047,-350,148
0.9334,1912,2047,-350,148
0.9338,1912,2047,-350,156
0.9341,1912,2047,-350,156
0.9345,1912,2047,-350,156
0.9349,1912,2046,-350,148
0.9353,1912,2046,-350,148
0.9357,1912,2046,-350,148
0.9360,1912,2046,-350,156
0.9364,1912,2046,-350,156
0.9368,1912,2045,-350,148
0.9371,1912,2045,-350,148
0.9375,1912,2045,-350,148
0.9379,1912,2045,-350,156
0.9383,1912,2045,-350,156
0.9387,1912,2045,-350,156
0.9390,1912,2044,-350,156
0.9394,1912,2044,-350,156
0.9397,1912,2044,-350,156
0.9401,1926,2044,-350,156
0.9408,1926,2043,-350,156
0.9412,1926,2043,-350,156
0.9416,1926,2043,-350,156
0.9419,1926,2043,-350,156
0.9423,1926,2043,-350,156
0.9427,1926,2043,-350,164
0.9430,1926,2043,-350,164
0.9434,1926,2043,-350,164
0.9437,1926,2042,-350,164
0.9441,1926,2042,-350,164
0.9444,1926,2042,-350,164
0.9448,1926,2042,-350,164
0.9451,1926,2042,-350,164
0.9455,1926,2042,-350,164
0.9458,1926,2041,-350,164
0.9462,1926,2041,-350,164
0.9466,1926,2041,-350,164
0.9469,1926,2041,-350,172
0.9473,1926,2041,-350,172
0.9477,1926,2040,-350,164
0.9480,1926,2040,-350,164
0.9484,1926,2040,-350,164
0.9487,1926,2040,-450,172
0.9491,1926,2040,-450,172
0.9495,1926,2040,-450,172
0.9498,1926,2039,-450,172
0.9502,1943,2039,-450,172
0.9509,1943,2039,-450,172
0.9513,1943,2039,-450,172
0.9517,1943,2038,-450,172
0.9520,1943,2038,-450,172
0.9524,1943,2038,-450,172
0.9528,1943,2038,-450,184
0.9532,1943,2038,-450,184
0.9536,1943,2037,-450,176
0.9540,1943,2037,-450,176
0.9544,1943,2037,-450,176
0.9548,1943,2037,-450,184
0.9552,1943,2037,-450,184
0.9555,1943,2037,-450,184
0.9559,1943,2036,-450,184
0.9563,1943,2036,-450,184
0.9567,1943,2035,-450,176
0.9570,1943,2035,-450,176
0.9574,1943,2035,-450,176
0.9578,1943,2035,-450,184
0.9582,1943,2035,-450,184
0.9586,1943,2035,-450,192
0.9589,1943,2035,-450,192
0.9593,1943,2035,-450,192
0.9597,1943,2034,-450,184
0.9600,1961,2034,-450,184
0.9608,1961,2033,-450,184
0.9611,1961,2033,-450,184
0.9615,1961,2033,-450,184
0.9618,1961,2033,-450,192
0.9622,1961,2033,-450,192
0.9627,1961,2032,-450,192
0.9630,1961,2032,-450,192
0.9634,1961,2032,-450,192
0.9638,1961,2032,-450,192
0.9642,1961,2032,-450,192
0.9645,1961,2031,-450,192
0.9651,1961,2031,-450,192
0.9655,1961,2031,-450,200
0.9660,1961,2031,-450,200
0.9664,1961,2031,-450,200
0.9668,1961,2030,-450,192
0.9672,1961,2030,-450,192
0.9676,1961,2030,-450,200
0.9680,1961,2030,-450,200
0.9683,1961,2030,-450,200
0.9687,1961,2029,-550,200
0.9691,1961,2029,-550,200
0.9695,1961,2029,-550,200
0.9699,1961,2028,-550,200
0.9702,1981,2028,-550,200
0.9709,1981,2028,-550,200
0.9713,1981,2028,-550,200
0.9717,1981,2028,-550,208
0.9720,1981,2028,-550,208
0.9724,1981,2028,-550,208
0.9728,1981,2027,-550,204
0.9731,1981,2027,-550,204
0.9735,1981,2026,-550,196
0.9739,1981,2026,-550,196
0.9743,1981,2026,-550,196
0.9751,1981,2026,-550,204
0.9754,1981,2026,-550,204
0.9758,1981,2025,-550,204
0.9762,1981,2025,-550,204
0.9765,1981,2024,-550,196
0.9769,1981,2024,-550,196
0.9773,1981,2024,-550,196
0.9777,1981,2024,-550,204
0.9780,1981,2024,-550,204
0.9784,1981,2024,-550,204
0.9788,1981,2023,-550,204
0.9792,1981,2023,-550,204
0.9795,1981,2022,-550,196
0.9799,1981,2022,-550,196
0.9803,2001,2022,-550,204
0.9810,2001,2022,-550,204
0.9814,2001,2022,-550,204
0.9817,2001,2021,-550,196
0.9821,2001,2021,-550,196
0.9825,2001,2021,-550,204
0.9828,2001,2021,-550,204
0.9832,2001,2021,-550,204
0.9837,2001,2020,-550,204
0.9840,2001,2020,-550,204
0.9844,2001,2020,-550,204
0.9848,2001,2019,-550,196
0.9851,2001,2019,-550,196
0.9855,2001,2019,-550,204
0.9858,2001,2019,-550,204
0.9862,2001,2019,-550,204
0.9865,2001,2018,-550,196
0.9869,2001,2018,-550,196
0.9873,2001,2018,-550,196
0.9876,2001,2017,-550,196
0.9880,2001,2017,-550,196
0.9884,2001,2017,-550,196
0.9887,2001,2016,-650,196
0.9891,2001,2016,-650,196
0.9894,2001,2016,-650,196
0.9898,2001,2016,-650,196
0.9901,2022,2015,-650,196
0.9908,2022,2015,-650,196
0.9912,2022,2015,-650,196
0.9916,2022,2015,-650,196
0.9919,2022,2015,-650,196
0.9923,2022,2015,-650,196
0.9927,2022,2014,-650,180
0.9931,2022,2014,-650,180
0.9934,2022,2013,-650,180
0.9938,2022,2013,-650,180
0.9943,2022,2013,-650,180
0.9947,2022,2013,-650,180
0.9950,2022,2013,-650,180
0.9954,2022,2012,-650,180
0.9958,2022,2012,-650,180
0.9962,2022,2012,-650,180
0.9966,2022,2011,-650,172
0.9970,2022,2011,-650,172
0.9973,2022,2011,-650,172
0.9977,2022,2011,-650,180
0.9980,2022,2011,-650,180
0.9984,2022,2010,-650,172
0.9988,2022,2010,-650,172
0.9992,2022,2010,-650,172
0.9995,2022,2009,-650,172
0.9999,2022,2009,-650,172
1.0003,2044,2009,-650,172
1.0010,2044,2009,-650,172
1.0014,2044,2008,-650,172
1.0018,2044,2008,-650,172
1.0022,2044,2008,-650,172
1.0026,2044,2008,-650,172
1.0030,2044,2008,-650,172
1.0038,2044,2007,-650,172
1.0042,2044,2007,-650,172
1.0046,2044,2006,-650,172
1.0049,2044,2006,-650,172
1.0053,2044,2005,-650,164
1.0057,2044,2005,-650,164
1.0061,2044,2005,-650,164
1.0065,2044,2005,-650,172
1.0069,2044,2005,-650,172
1.0073,2044,2005,-650,172
1.0077,2044,2004,-650,164
1.0080,2044,2004,-650,164
1.0084,2044,2004,-600,172
1.0088,2044,2004,-600,172
1.0092,2044,2004,-600,172
1.0096,2044,2003,-600,164
1.0100,2064,2002,-600,164
1.0107,2064,2002,-600,164
1.0111,2064,2002,-600,164
1.0114,2064,2002,-600,164
1.0118,2064,2002,-600,164
1.0122,2064,2002,-600,164
1.0126,2064,2001,-600,148
1.0130,2064,2001,-600,148
1.0133,2064,2000,-600,148
1.0137,2064,2000,-600,148
1.0141,2064,2000,-600,148
1.0145,2064,2000,-600,148
1.0148,2064,2000,-600,148
1.0152,2064,2000,-600,148
1.0155,2064,1999,-600,148
1.0159,2064,1999,-600,148
1.0163,2064,1999,-600,148
1.0167,2064,1999,-600,148
1.0170,2064,1999,-600,148
1.0175,2064,1998,-600,148
1.0179,2064,1998,-600,148
1.0183,2064,1998,-600,148
1.0187,2064,1997,-600,140
1.0190,2064,1997,-600,140
1.0194,2064,1997,-600,148
1.0197,2064,1997,-600,148
1.0201,2086,1996,-600,140
1.0208,2086,1996,-600,140
1.0211,2086,1996,-600,140
1.0215,2086,1995,-600,140
1.0218,2086,1995,-600,140
1.0222,2086,1995,-600,140
1.0226,2086,1995,-600,140
1.0229,2086,1995,-600,140
1.0232,2086,1995,-600,140
1.0236,2086,1994,-600,132
1.0240,2086,1994,-600,132
1.0244,2086,1993,-600,132
1.0247,2086,1993,-600,132
1.0250,2086,1993,-600,132
1.0254,2086,1993,-600,132
1.0257,2086,1993,-600,132
1.0261,2086,1993,-600,132
1.0265,2086,1992,-600,132
1.0268,2086,1992,-600,132
1.0272,2086,1992,-600,132
1.0275,2086,1992,-600,132
1.0279,2086,1992,-600,132
1.0283,2086,1991,-650,124
1.0287,2086,1991,-650,124
1.0291,2086,1991,-650,124
1.0295,2086,1991,-650,132
1.0299,2086,1991,-650,132
1.0303,2106,1990,-650,124
1.0311,2106,1990,-650,124
1.0315,2106,1990,-650,132
1.0319,2106,1990,-650,132
1.0323,2106,1989,-650,124
1.0327,2106,1989,-650,124
1.0330,2106,1989,-650,124
1.0334,2106,1988,-650,116
1.0338,2106,1988,-650,116
1.0341,2106,1988,-650,116
1.0345,2106,1988,-650,124
1.0349,2106,1988,-650,124
1.0352,2106,1987,-650,116
1.0357,2106,1987,-650,116
1.0360,2106,1987,-650,116
1.0364,2106,1987,-650,116
1.0367,2106,1987,-650,116
1.0371,2106,1987,-650,116
1.0375,2106,1986,-650,116
1.0378,2106,1986,-650,116
1.0382,2106,1986,-650,116
1.0387,2106,1986,-650,116
1.0390,2106,1986,-650,116
1.0394,2106,1986,-650,116
1.0397,2106,1986,-650,116
1.0401,2125,1985,-650,116
1.0408,2125,1985,-650,116
1.0411,2125,1985,-650,116
1.0415,2125,1985,-650,116
1.0418,2125,1985,-650,116
1.0422,2125,1985,-650,116
1.0425,2125,1984,-650,108
1.0429,2125,1984,-650,108
1.0432,2125,1984,-650,116
1.0435,2125,1984,-650,116
1.0439,2125,1984,-650,116
1.0442,2125,1983,-650,108
1.0447,2125,1983,-650,108
1.0450,2125,1983,-650,108
1.0454,2125,1983,-650,108
1.0457,2125,1983,-650,108
1.0461,2125,1983,-650,108
1.0465,2125,1982,-650,108
1.0468,2125,1982,-650,108
1.0472,2125,1982,-650,108
1.0476,2125,1982,-650,108
1.0479,2125,1982,-650,108
1.0483,2125,1981,-500,100
1.0486,2125,1981,-500,100
1.0490,2125,1981,-500,100
1.0493,2125,1981,-500,108
1.0497,2125,1981,-500,108
1.0501,2143,1980,-500,100
1.0508,2143,1980,-500,100
1.0511,2143,1980,-500,100
1.0515,2143,1980,-500,100
1.0519,2143,1980,-500,100
1.0523,2143,1979,-500,88
1.0527,2143,1979,-500,88
1.0530,2143,1979,-500,88
1.0534,2143,1979,-500,96
1.0538,2143,1979,-500,96
1.0541,2143,1978,-500,88
1.0545,2143,1978,-500,88
1.0549,2143,1978,-500,88
1.0553,2143,1978,-500,88
1.0557,2143,1978,-500,88
1.0560,2143,1978,-500,88
1.0564,2143,1978,-500,88
1.0568,2143,1978,-500,88
1.0572,2143,1977,-500,88
1.0575,2143,1977,-500,88
1.0579,2143,1977,-500,88
1.0583,2143,1977,-500,88
1.0587,2143,1977,-500,88
1.0590,2143,1977,-500,88
1.0594,2143,1976,-500,80
1.0598,2143,1976,-500,80
1.0602,2160,1976,-500,80
1.0609,2160,1976,-500,80
1.0613,2160,1975,-500,80
1.0617,2160,1975,-500,80
1.0623,2160,1975,-500,80
1.0627,2160,1975,-500,80
1.0630,2160,1975,-500,80
1.0634,2160,1974,-500,72
1.0638,2160,1974,-500,72
1.0642,2160,1974,-500,72
1.0646,2160,1974,-500,72
1.0650,2160,1974,-500,72
1.0653,2160,1974,-500,72
1.0657,2160,1974,-500,72
1.0661,2160,1973,-500,72
1.0665,2160,1973,-500,72
1.0669,2160,1973,-500,72
1.0673,2160,1973,-500,72
1.0677,2160,1973,-500,72
1.0680,2160,1972,-450,64
1.0684,2160,1972,-450,64
1.0688,2160,1972,-450,64
1.0692,2160,1972,-450,64
1.0695,2160,1972,-450,64
1.0699,2160,1972,-450,64
1.0703,2175,1972,-450,64
1.0710,2175,1972,-450,64
1.0714,2175,1972,-450,72
1.0718,2175,1972,-450,72
1.0722,2175,1971,-450,68
1.0725,2175,1971,-450,68
1.0729,2175,1971,-450,68
1.0734,2175,1971,-450,68
1.0737,2175,1971,-450,68
1.0741,2175,1971,-450,68
1.0744,2175,1971,-450,68
1.0748,2175,1971,-450,68
1.0751,2175,1970,-450,60
1.0755,2175,1970,-450,60
1.0758,2175,1970,-450,60
1.0762,2175,1970,-450,60
1.0766,2175,1970,-450,60
1.0769,2175,1970,-450,60
1.0773,2175,1969,-450,60
1.0777,2175,1969,-450,60
1.0781,2175,1969,-450,60
1.0784,2175,1969,-450,60
1.0788,2175,1969,-450,60
1.0792,2175,1969,-450,60
1.0796,2175,1969,-450,60
1.0800,2175,1969,-450,60
1.0803,2187,1968,-450,52
1.0811,2187,1968,-450,52
1.0815,2187,1968,-450,52
1.0819,2187,1968,-450,52
1.0823,2187,1968,-450,52
1.0827,2187,1968,-450,52
1.0830,2187,1967,-450,44
1.0834,2187,1967,-450,44
1.0838,2187,1967,-450,44
1.0842,2187,1967,-450,52
1.0846,2187,1967,-450,52
1.0850,2187,1967,-450,52
1.0853,2187,1967,-450,52
1.0857,2187,1967,-450,52
1.0860,2187,1967,-450,52
1.0864,2187,1967,-450,52
1.0868,2187,1967,-450,52
1.0872,2187,1966,-450,44
1.0876,2187,1966,-450,44
1.0880,2187,1966,-300,44
1.0883,2187,1966,-300,44
1.0887,2187,1966,-300,44
1.0890,2187,1966,-300,44
1.0894,2187,1966,-300,44
1.0898,2187,1966,-300,44
1.0903,2198,1965,-300,36
1.0912,2198,1965,-300,36
1.0916,2198,1965,-300,36
1.0921,2198,1965,-300,32
1.0924,2198,1965,-300,32
1.0928,2198,1965,-300,32
1.0932,2198,1965,-300,32
1.0935,2198,1965,-300,32
1.0938,2198,1965,-300,32
1.0942,2198,1965,-300,32
1.0946,2198,1965,-300,32
1.0950,2198,1964,-300,24
1.0954,2198,1964,-300,24
1.0958,2198,1964,-300,24
1.0962,2198,1964,-300,32
1.0965,2198,1964,-300,32
1.0969,2198,1964,-300,32
1.0972,2198,1964,-300,32
1.0976,2198,1964,-300,32
1.0980,2198,1964,-300,24
1.0983,2198,1964,-300,24
1.0987,2198,1964,-300,24
1.0991,2198,1963,-300,0
1.0994,2198,1963,-300,0
1.0998,2198,1963,-300,0
1.1001,2205,1963,-300,0
1.1007,2205,1963,-300,0
1.1011,2205,1963,-300,0
1.1015,2205,1963,-300,0
1.1018,2205,1963,-300,0
1.1022,2205,1963,-300,0
1.1025,2205,1963,-300,0
1.1029,2205,1963,-300,0
1.1033,2205,1963,-300,0
1.1036,2205,1963,-300,0
1.1040,2205,1963,-300,0
1.1044,2205,1963,-300,0
1.1047,2205,1963,-300,0
1.1051,2205,1962,-300,-24
1.1054,2205,1962,-300,-24
1.1058,2205,1962,-300,-24
1.1062,2205,1962,-300,-24
1.1065,2205,1962,-300,-24
1.1069,2205,1962,-300,-24
1.1073,2205,1962,-300,-24
1.1076,2205,1962,-300,-24
1.1080,2205,1962,-200,-24
1.1083,2205,1962,-200,-24
1.1087,2205,1962,-200,-24
1.1091,2205,1962,-200,-24
1.1094,2205,1962,-200,-24
1.1098,2205,1962,-200,-24
1.1101,2211,1962,-200,-32
1.1108,2211,1962,-200,-32
1.1112,2211,1961,-200,-32
1.1115,2211,1961,-200,-32
1.1119,2211,1961,-200,-32
1.1123,2211,1961,-200,-32
1.1127,2211,1961,-200,-32
1.1130,2211,1961,-200,-32
1.1135,2211,1961,-200,-32
1.1138,2211,1961,-200,-32
1.1142,2211,1961,-200,-32
1.1146,2211,1961,-200,-32
1.1149,2211,1961,-200,-32
1.1153,2211,1961,-200,-32
1.1159,2211,1961,-200,-32
1.1162,2211,1961,-200,-32
1.1167,2211,1961,-200,-32
1.1170,2211,1961,-200,-32
1.1174,2211,1961,-200,-32
1.1178,2211,1961,-200,-32
1.1181,2211,1961,-200,-32
1.1185,2211,1961,-200,-32
1.1188,2211,1961,-200,-32
1.1192,2211,1961,-200,-32
1.1196,2211,1961,-200,-32
1.1199,2211,1961,-200,-32
1.1203,2213,1961,-200,-32
1.1210,2213,1961,-200,-32
1.1214,2213,1961,-200,-32
1.1217,2213,1961,-200,-32
1.1221,2213,1961,-200,-32
1.1224,2213,1961,-200,-32
1.1228,2213,1961,-200,-32
1.1232,2213,1961,-200,-32
1.1236,2213,1961,-200,-32
1.1239,2213,1961,-200,-40
1.1243,2213,1961,-200,-40
1.1246,2213,1961,-200,-40
1.1250,2213,1961,-200,-40
1.1254,2213,1961,-200,-40
1.1257,2213,1961,-200,-40
1.1261,2213,1961,-200,-40
1.1265,2213,1961,-200,-40
1.1268,2213,1961,-200,-40
1.1272,2213,1961,-200,-40
1.1276,2213,1961,-200,-40
1.1280,2213,1961,-50,-40
1.1284,2213,1961,-50,-40
1.1287,2213,1961,-50,-40
1.1291,2213,1961,-50,-48
1.1294,2213,1961,-50,-48
1.1298,2213,1961,-50,-48
1.1301,2213,1961,-50,-48
1.1308,2213,1961,-50,-48
1.1312,2213,1961,-50,-48
1.1315,2213,1961,-50,-48
1.1319,2213,1961,-50,-40
1.1327,2213,1961,-50,-40
1.1331,2213,1961,-50,-40
1.1334,2213,1961,-50,-40
1.1338,2213,1961,-50,-48
1.1342,2213,1961,-50,-48
1.1345,2213,1961,-50,-48
1.1349,2213,1961,-50,-48
1.1353,2213,1961,-50,-48
1.1357,2213,1961,-50,-48
1.1360,2213,1961,-50,-48
1.1364,2213,1961,-50,-48
1.1367,2213,1961,-50,-48
1.1371,2213,1961,-50,-48
1.1375,2213,1961,-50,-48
1.1378,2213,1961,-50,-56
1.1382,2213,1961,-50,-56
1.1385,2213,1961,-50,-56
1.1389,2213,1961,-50,-56
1.1393,2213,1961,-50,-56
1.1397,2213,1961,-50,-56
1.1400,2211,1961,-50,-56
1.1407,2211,1961,-50,-56
1.1411,2211,1961,-50,-56
1.1415,2211,1961,-50,-56
1.1418,2211,1961,-50,-64
1.1422,2211,1961,-50,-64
1.1425,2211,1961,-50,-64
1.1429,2211,1961,-50,-64
1.1433,2211,1961,-50,-64
1.1436,2211,1961,-50,-64
1.1440,2211,1961,-50,-64
1.1444,2211,1961,-50,-64
1.1447,2211,1961,-50,-72
1.1451,2211,1961,-50,-72
1.1454,2211,1961,-50,-72
1.1458,2211,1961,-50,-72
1.1461,2211,1961,-50,-72
1.1465,2211,1961,-50,-72
1.1469,2211,1961,-50,-72
1.1473,2211,1961,-50,-72
1.1477,2211,1961,-50,-72
1.1480,2211,1961,0,-72
1.1484,2211,1961,0,-72
1.1487,2211,1961,0,-80
1.1491,2211,1961,0,-80
1.1494,2211,1961,0,-80
1.1498,2211,1961,0,-80
1.1502,2205,1961,0,-80
1.1509,2205,1961,0,-80
1.1513,2205,1961,0,-80
1.1517,2205,1961,0,-80
1.1520,2205,1961,0,-104
1.1524,2205,1961,0,-104
1.1527,2205,1961,0,-104
1.1531,2205,1961,0,-104
1.1534,2205,1961,0,-104
1.1540,2205,1962,0,-96
1.1543,2205,1962,0,-96
1.1547,2205,1962,0,-104
1.1550,2205,1962,0,-104
1.1554,2205,1962,0,-104
1.1557,2205,1962,0,-104
1.1563,2205,1962,0,-104
1.1567,2205,1962,0,-104
1.1570,2205,1962,0,-104
1.1574,2205,1962,0,-104
1.1577,2205,1962,0,-112
1.1581,2205,1962,0,-112
1.1584,2205,1962,0,-112
1.1588,2205,1963,0,-104
1.1591,2205,1963,0,-104
1.1595,2205,1963,0,-104
1.1599,2205,1963,0,-104
1.1603,2197,1963,0,-112
1.1610,2197,1963,0,-112
1.1615,2197,1963,0,-112
1.1619,2197,1963,0,-112
1.1623,2197,1963,0,-112
1.1626,2197,1964,0,-112
1.1630,2197,1964,0,-112
1.1634,2197,1964,0,-112
1.1637,2197,1964,0,-112
1.1641,2197,1964,0,-112
1.1645,2197,1964,0,-112
1.1648,2197,1964,0,-112
1.1652,2197,1964,0,-112
1.1657,2197,1964,0,-120
1.1660,2197,1964,0,-120
1.1664,2197,1964,0,-120
1.1668,2197,1964,0,-120
1.1671,2197,1964,0,-120
1.1675,2197,1964,0,-120
1.1678,2197,1965,200,-112
1.1682,2197,1965,200,-112
1.1686,2197,1965,200,-112
1.1689,2197,1965,200,-120
1.1693,2197,1965,200,-120
1.1697,2197,1965,200,-120
1.1700,2187,1965,200,-120
1.1707,2187,1965,200,-128
1.1711,2187,1965,200,-128
1.1714,2187,1965,200,-128
1.1718,2187,1966,200,-104
1.1722,2187,1966,200,-104
1.1725,2187,1966,200,-104
1.1729,2187,1966,200,-112
1.1733,2187,1966,200,-112
1.1736,2187,1966,200,-112
1.1740,2187,1966,200,-112
1.1744,2187,1966,200,-112
1.1748,2187,1966,200,-112
1.1751,2187,1966,200,-112
1.1755,2187,1967,200,-112
1.1759,2187,1967,200,-112
1.1763,2187,1967,200,-112
1.1767,2187,1967,200,-112
1.1771,2187,1967,200,-112
1.1774,2187,1967,200,-112
1.1778,2187,1967,200,-120
1.1782,2187,1967,200,-120
1.1786,2187,1968,200,-112
1.1789,2187,1968,200,-112
1.1793,2187,1968,200,-112
1.1797,2187,1968,200,-120
1.1800,2174,1968,200,-120
1.1808,2174,1968,200,-120
1.1812,2174,1968,200,-120
1.1816,2174,1969,200,-120
1.1819,2174,1969,200,-120
1.1823,2174,1969,200,-120
1.1827,2174,1969,200,-120
1.1831,2174,1969,200,-120
1.1836,2174,1969,200,-128
1.1840,2174,1969,200,-128
1.1844,2174,1969,200,-128
1.1847,2174,1970,200,-120
1.1851,2174,1970,200,-120
1.1855,2174,1970,200,-128
1.1859,2174,1970,200,-128
1.1863,2174,1970,200,-128
1.1866,2174,1970,200,-128
1.1870,2174,1970,200,-128
1.1874,2174,1970,200,-128
1.1877,2174,1971,300,-128
1.1881,2174,1971,300,-128
1.1885,2174,1971,300,-128
1.1888,2174,1971,300,-128
1.1892,2174,1971,300,-128
1.1895,2174,1971,300,-136
1.1899,2174,1971,300,-136
1.1902,2159,1971,300,-136
1.1909,2159,1971,300,-136
1.1912,2159,1971,300,-136
1.1917,2159,1972,300,-144
1.1920,2159,1972,300,-144
1.1924,2159,1972,300,-144
1.1927,2159,1972,300,-144
1.1930,2159,1972,300,-144
1.1934,2159,1972,300,-144
1.1937,2159,1972,300,-152
1.1941,2159,1972,300,-152
1.1948,2159,1973,300,-144
1.1952,2159,1973,300,-144
1.1955,2159,1973,300,-152
1.1959,2159,1973,300,-152
1.1963,2159,1973,300,-152
1.1966,2159,1973,300,-152
1.1970,2159,1973,300,-152
1.1974,2159,1973,300,-152
1.1978,2159,1974,300,-152
1.1981,2159,1974,300,-152
1.1985,2159,1974,300,-152
1.1988,2159,1974,300,-152
1.1992,2159,1974,300,-152
1.1995,2159,1975,300,-152
1.1999,2159,1975,300,-152
1.2003,2143,1975,300,-152
1.2010,2143,1975,300,-152
1.2014,2143,1975,300,-160
1.2018,2143,1975,300,-160
1.2022,2143,1975,300,-160
1.2026,2143,1976,300,-160
1.2030,2143,1976,300,-160
1.2034,2143,1976,300,-160
1.2037,2143,1976,300,-160
1.2041,2143,1976,300,-160
1.2045,2143,1977,300,-160
1.2049,2143,1977,300,-160
1.2053,2143,1977,300,-160
1.2057,2143,1977,300,-160
1.2061,2143,1977,300,-160
1.2065,2143,1978,300,-160
1.2069,2143,1978,300,-160
1.2073,2143,1978,300,-160
1.2077,2143,1978,350,-168
1.2081,2143,1978,350,-168
1.2085,2143,1978,350,-168
1.2088,2143,1978,350,-168
1.2092,2143,1978,350,-168
1.2097,2143,1979,350,-168
1.2100,2125,1979,350,-168
1.2107,2125,1980,350,-160
1.2111,2125,1980,350,-160
1.2114,2125,1980,350,-164
1.2118,2125,1980,350,-164
1.2122,2125,1980,350,-164
1.2125,2125,1981,350,-164
1.2129,2125,1981,350,-164
1.2133,2125,1981,350,-164
1.2137,2125,1981,350,-164
1.2141,2125,1981,350,-164
1.2144,2125,1981,350,-172
1.2148,2125,1981,350,-172
1.2152,2125,1981,350,-172
1.2155,2125,1982,350,-172
1.2161,2125,1982,350,-172
1.2164,2125,1982,350,-172
1.2167,2125,1982,350,-172
1.2171,2125,1982,350,-172
1.2175,2125,1983,350,-172
1.2178,2125,1983,350,-172
1.2182,2125,1983,350,-172
1.2185,2125,1983,350,-172
1.2189,2125,1983,350,-172
1.2193,2125,1983,350,-172
1.2196,2125,1984,350,-172
1.2200,2125,1984,350,-172
1.2203,2105,1984,350,-180
1.2210,2105,1984,350,-180
1.2214,2105,1985,350,-172
1.2218,2105,1985,350,-172
1.2221,2105,1985,350,-172
1.2225,2105,1985,350,-180
1.2229,2105,1985,350,-180
1.2233,2105,1985,350,-180
1.2237,2105,1986,350,-180
1.2240,2105,1986,350,-180
1.2244,2105,1986,350,-188
1.2247,2105,1986,350,-188
1.2251,2105,1986,350,-188
1.2254,2105,1987,350,-180
1.2258,2105,1987,350,-180
1.2262,2105,1987,350,-180
1.2265,2105,1987,350,-188
1.2269,2105,1987,350,-188
1.2277,2105,1988,500,-188
1.2280,2105,1988,500,-188
1.2284,2105,1988,500,-188
1.2288,2105,1988,500,-188
1.2292,2105,1988,500,-188
1.2295,2105,1989,500,-188
1.2299,2105,1989,500,-188
1.2303,2085,1990,500,-188
1.2310,2085,1990,500,-188
1.2314,2085,1990,500,-188
1.2318,2085,1990,500,-188
1.2322,2085,1990,500,-188
1.2325,2085,1991,500,-188
1.2329,2085,1991,500,-188
1.2333,2085,1991,500,-196
1.2337,2085,1991,500,-196
1.2340,2085,1991,500,-196
1.2344,2085,1992,500,-196
1.2348,2085,1992,500,-196
1.2351,2085,1992,500,-196
1.2355,2085,1992,500,-196
1.2359,2085,1992,500,-196
1.2363,2085,1993,500,-196
1.2367,2085,1993,500,-196
1.2370,2085,1993,500,-196
1.2374,2085,1993,500,-204
1.2378,2085,1993,500,-204
1.2382,2085,1993,500,-204
1.2386,2085,1994,500,-204
1.2390,2085,1994,500,-204
1.2394,2085,1994,500,-204
1.2399,2085,1994,500,-204
1.2402,2064,1995,500,-204
1.2410,2064,1995,500,-204
1.2414,2064,1996,500,-204
1.2417,2064,1996,500,-204
1.2421,2064,1996,500,-204
1.2425,2064,1996,500,-212
1.2429,2064,1996,500,-212
1.2433,2064,1997,500,-204
1.2437,2064,1997,500,-204
1.2441,2064,1997,500,-204
1.2445,2064,1997,500,-212
1.2449,2064,1997,500,-212
1.2453,2064,1998,500,-212
1.2457,2064,1998,500,-212
1.2461,2064,1998,500,-212
1.2465,2064,1999,500,-212
1.2469,2064,1999,500,-212
1.2474,2064,1999,550,-212
1.2478,2064,1999,550,-212
1.2481,2064,1999,550,-212
1.2485,2064,2000,550,-212
1.2489,2064,2000,550,-212
1.2493,2064,2000,550,-220
1.2497,2064,2000,550,-220
1.2501,2043,2001,550,-220
1.2510,2043,2001,550,-220
1.2514,2043,2002,550,-212
1.2518,2043,2002,550,-212
1.2522,2043,2002,550,-220
1.2526,2043,2002,550,-220
1.2530,2043,2002,550,-220
1.2533,2043,2003,550,-220
1.2537,2043,2003,550,-220
1.2541,2043,2003,550,-220
1.2545,2043,2004,550,-212
1.2549,2043,2004,550,-212
1.2553,2043,2005,550,-212
1.2557,2043,2005,550,-212
1.2561,2043,2005,550,-212
1.2565,2043,2005,550,-220
1.2569,2043,2005,550,-220
1.2573,2043,2006,550,-212
1.2577,2043,2006,550,-212
1.2581,2043,2006,550,-212
1.2586,2043,2006,550,-220
1.2590,2043,2006,550,-220
1.2594,2043,2007,550,-220
1.2597,2043,2007,550,-220
1.2601,2021,2008,550,-212
1.2608,2021,2008,550,-212
1.2612,2021,2009,550,-212
1.2616,2021,2009,550,-212
1.2619,2021,2009,550,-212
1.2623,2021,2009,550,-220
1.2627,2021,2009,550,-220
1.2630,2021,2009,550,-220
1.2634,2021,2010,550,-212
1.2639,2021,2010,550,-212
1.2642,2021,2011,550,-212
1.2647,2021,2011,550,-212
1.2650,2021,2011,550,-212
1.2654,2021,2011,550,-220
1.2658,2021,2011,550,-220
1.2661,2021,2012,550,-212
1.2665,2021,2012,550,-212
1.2668,2021,2012,550,-212
1.2672,2021,2013,700,-212
1.2677,2021,2013,700,-212
1.2680,2021,2013,700,-212
1.2684,2021,2013,700,-220
1.2688,2021,2013,700,-220
1.2691,2021,2014,700,-212
1.2695,2021,2014,700,-212
1.2699,2021,2014,700,-212
1.2703,2000,2015,700,-212
1.2710,2000,2015,700,-212
1.2714,2000,2016,700,-188
1.2717,2000,2016,700,-188
1.2722,2000,2016,700,-196
1.2725,2000,2016,700,-196
1.2729,2000,2016,700,-196
1.2734,2000,2017,700,-196
1.2738,2000,2017,700,-196
1.2741,2000,2018,700,-188
1.2745,2000,2018,700,-188
1.2749,2000,2018,700,-188
1.2753,2000,2018,700,-196
1.2757,2000,2018,700,-196
1.2762,2000,2019,700,-188
1.2766,2000,2019,700,-188
1.2770,2000,2019,700,-188
1.2774,2000,2020,700,-188
1.2778,2000,2020,700,-188
1.2782,2000,2020,700,-196
1.2786,2000,2020,700,-196
1.2790,2000,2020,700,-196
1.2794,2000,2021,700,-188
1.2798,2000,2021,700,-188
1.2802,1980,2021,700,-196
1.2810,1980,2021,700,-196
1.2813,1980,2022,700,-188
1.2817,1980,2022,700,-188
1.2821,1980,2023,700,-188
1.2825,1980,2023,700,-188
1.2829,1980,2023,700,-188
1.2833,1980,2024,700,-180
1.2837,1980,2024,700,-180
1.2841,1980,2025,700,-180
1.2845,1980,2025,700,-180
1.2849,1980,2025,700,-180
1.2853,1980,2025,700,-180
1.2857,1980,2025,700,-180
1.2861,1980,2026,700,-180
1.2865,1980,2026,700,-180
1.2869,1980,2026,700,-180
1.2873,1980,2027,700,-172
1.2877,1980,2027,700,-172
1.2881,1980,2027,700,-180
1.2887,1980,2027,700,-180
1.2890,1980,2028,700,-180
1.2895,1980,2028,700,-180
1.2899,1980,2028,700,-180
1.2903,1960,2029,700,-172
1.2911,1960,2030,700,-168
1.2915,1960,2030,700,-168
1.2919,1960,2030,700,-168
1.2923,1960,2030,700,-168
1.2927,1960,2030,700,-168
1.2932,1960,2031,700,-168
1.2936,1960,2031,700,-168
1.2940,1960,2032,700,-160
1.2944,1960,2032,700,-160
1.2948,1960,2032,700,-160
1.2951,1960,2032,700,-168
1.2955,1960,2032,700,-168
1.2959,1960,2032,700,-168
1.2964,1960,2033,700,-160
1.2968,1960,2033,700,-160
1.2972,1960,2033,700,-168
1.2976,1960,2033,700,-168
1.2980,1960,2034,700,-160
1.2984,1960,2034,700,-160
1.2988,1960,2034,700,-160
1.2991,1960,2035,700,-152
1.2995,1960,2035,700,-152
1.3000,1960,2035,700,-160
1.3003,1942,2035,700,-160
1.3012,1942,2036,700,-152
1.3015,1942,2036,700,-152
1.3020,1942,2037,700,-152
1.3024,1942,2037,700,-152
1.3028,1942,2037,700,-152
1.3031,1942,2038,700,-144
1.3036,1942,2038,700,-144
1.3040,1942,2038,700,-152
1.3044,1942,2038,700,-152
1.3048,1942,2038,700,-152
1.3052,1942,2039,700,-144
1.3057,1942,2039,700,-144
1.3061,1942,2040,700,-144
1.3065,1942,2040,700,-144
1.3071,1942,2040,650,-144
1.3075,1942,2040,650,-144
1.3079,1942,2041,650,-136
1.3083,1942,2041,650,-136
1.3087,1942,2041,650,-136
1.3091,1942,2042,650,-136
1.3095,1942,2042,650,-136
1.3099,1942,2042,650,-136
1.3104,1926,2042,650,-136
1.3111,1926,2043,650,-128
1.3116,1926,2043,650,-128
1.3120,1926,2043,650,-128
1.3124,1926,2043,650,-128
1.3128,1926,2043,650,-128
1.3132,1926,2044,650,-128
1.3136,1926,2044,650,-128
1.3140,1926,2044,650,-128
1.3143,1926,2044,650,-128
1.3148,1926,2044,650,-128
1.3152,1926,2045,650,-120
1.3156,1926,2045,650,-120
1.3160,1926,2046,650,-120
1.3164,1926,2046,650,-120
1.3168,1926,2046,650,-120
1.3172,1926,2046,650,-120
1.3177,1926,2046,650,-120
1.3181,1926,2047,650,-112
1.3185,1926,2047,650,-112
1.3189,1926,2048,650,-112
1.3193,1926,2048,650,-112
1.3197,1926,2048,650,-112
1.3201,1911,2048,650,-112
1.3208,1911,2048,650,-112
1.3212,1911,2048,650,-120
1.3217,1911,2048,650,-120
1.3221,1911,2049,650,-112
1.3225,1911,2049,650,-112
1.3229,1911,2050,650,-104
1.3233,1911,2050,650,-104
1.3238,1911,2050,650,-104
1.3241,1911,2050,650,-112
1.3245,1911,2050,650,-112
1.3249,1911,2051,650,-104
1.3253,1911,2051,650,-104
1.3258,1911,2051,650,-104
1.3262,1911,2052,650,-96
1.3266,1911,2052,650,-96
1.3270,1911,2052,600,-104
1.3274,1911,2052,600,-104
1.3278,1911,2052,600,-104
1.3282,1911,2053,600,-96
1.3285,1911,2053,600,-96
1.3289,1911,2053,600,-96
1.3293,1911,2053,600,-96
1.3297,1911,2053,600,-96
1.3301,1899,2054,600,-96
1.3309,1899,2054,600,-96
1.3313,1899,2054,600,-96
1.3317,1899,2054,600,-96
1.3321,1899,2055,600,-88
1.3325,1899,2055,600,-88
1.3328,1899,2055,600,-88
1.3332,1899,2055,600,-88
1.3337,1899,2055,600,-88
1.3341,1899,2056,600,-88
1.3345,1899,2056,600,-88
1.3348,1899,2056,600,-88
1.3352,1899,2056,600,-88
1.3357,1899,2056,600,-88
1.3361,1899,2056,600,-88
1.3365,1899,2056,600,-88
1.3369,1899,2057,600,-88
1.3373,1899,2057,600,-88
1.3377,1899,2057,600,-88
1.3381,1899,2058,600,-80
1.3385,1899,2058,600,-80
1.3388,1899,2058,600,-80
1.3392,1899,2058,600,-80
1.3397,1899,2058,600,-80
1.3401,1889,2058,600,-80
1.3408,1889,2059,600,-80
1.3412,1889,2059,600,-80
1.3417,1889,2059,600,-80
1.3421,1889,2060,600,-72
1.3425,1889,2060,600,-72
1.3429,1889,2060,600,-72
1.3433,1889,2060,600,-72
1.3437,1889,2060,600,-72
1.3441,1889,2060,600,-72
1.3445,1889,2060,600,-72
1.3449,1889,2061,600,-72
1.3454,1889,2061,600,-72
1.3458,1889,2061,600,-72
1.3461,1889,2061,600,-72
1.3465,1889,2061,600,-72
1.3469,1889,2061,450,-72
1.3473,1889,2061,450,-72
1.3477,1889,2061,450,-72
1.3481,1889,2062,450,-64
1.3485,1889,2062,450,-64
1.3489,1889,2063,450,-64
1.3492,1889,2063,450,-64
1.3497,1889,2063,450,-64
1.3500,1881,2063,450,-64
1.3507,1881,2063,450,-64
1.3511,1881,2063,450,-64
1.3515,1881,2063,450,-64
1.3519,1881,2063,450,-64
1.3522,1881,2063,450,-64
1.3527,1881,2063,450,-64
1.3530,1881,2064,450,-56
1.3534,1881,2064,450,-56
1.3538,1881,2064,450,-64
1.3541,1881,2064,450,-64
1.3545,1881,2064,450,-64
1.3550,1881,2064,450,-64
1.3554,1881,2064,450,-64
1.3557,1881,2065,450,-56
1.3561,1881,2065,450,-56
1.3565,1881,2065,450,-56
1.3568,1881,2065,450,-56
1.3572,1881,2065,450,-56
1.3576,1881,2065,450,-56
1.3587,1881,2066,450,-48
1.3593,1881,2066,450,-48
1.3597,1881,2066,450,-56
1.3600,1875,2066,450,-56
1.3607,1875,2066,450,-56
1.3611,1875,2066,450,-56
1.3614,1875,2066,450,-56
1.3618,1875,2067,450,-48
1.3622,1875,2067,450,-48
1.3625,1875,2067,450,-48
1.3630,1875,2067,450,-48
1.3633,1875,2067,450,-48
1.3637,1875,2067,450,-48
1.3641,1875,2067,450,-48
1.3645,1875,2067,450,-48
1.3648,1875,2068,450,-40
1.3652,1875,2068,450,-40
1.3657,1875,2068,450,-48
1.3661,1875,2068,450,-48
1.3664,1875,2068,450,-48
1.3668,1875,2068,350,-48
1.3672,1875,2068,350,-48
1.3675,1875,2068,350,-48
1.3679,1875,2068,350,-48
1.3683,1875,2068,350,-48
1.3687,1875,2068,350,-48
1.3690,1875,2068,350,-48
1.3694,1875,2068,350,-48
1.3698,1875,2069,350,-40
1.3701,1873,2069,350,-40
1.3708,1873,2069,350,-44
1.3712,1873,2069,350,-44
1.3715,1873,2069,350,-44
1.3719,1873,2069,350,-44
1.3723,1873,2069,350,-44
1.3727,1873,2069,350,-44
1.3731,1873,2069,350,-44
1.3735,1873,2069,350,-44
1.3739,1873,2070,350,-36
1.3742,1873,2070,350,-36
1.3747,1873,2070,350,-44
1.3750,1873,2070,350,-44
1.3754,1873,2070,350,-44
1.3757,1873,2070,350,-44
1.3761,1873,2070,350,-44
1.3765,1873,2070,350,-44
1.3768,1873,2070,350,-44
1.3772,1873,2070,350,-44
1.3775,1873,2070,350,-44
1.3779,1873,2070,350,-44
1.3783,1873,2070,350,-44
1.3786,1873,2071,350,-36
1.3790,1873,2071,350,-36
1.3794,1873,2071,350,-36
1.3798,1873,2071,350,-36
1.3802,1873,2071,350,-36
1.3809,1873,2071,350,-36
1.3813,1873,2071,350,-36
1.3817,1873,2071,350,-36
1.3821,1873,2071,350,-36
1.3825,1873,2071,350,-36
1.3828,1873,2071,350,-36
1.3832,1873,2071,350,-36
1.3836,1873,2072,350,-28
1.3840,1873,2072,350,-28
1.3844,1873,2072,350,-28
1.3847,1873,2072,350,-28
1.3851,1873,2072,350,-28
1.3855,1873,2072,350,-28
1.3859,1873,2072,350,-28
1.3863,1873,2072,350,-28
1.3868,1873,2072,200,-28
1.3872,1873,2072,200,-28
1.3876,1873,2073,200,-20
1.3880,1873,2073,200,-20
1.3885,1873,2073,200,-20
1.3889,1873,2073,200,-20
1.3893,1873,2073,200,-20
1.3897,1873,2073,200,-20
1.3901,1875,2073,200,-20
1.3909,1875,2073,200,24
1.3913,1875,2073,200,24
1.3917,1875,2073,200,24
1.3921,1875,2073,200,24
1.3925,1875,2073,200,24
1.3929,1875,2073,200,24
1.3933,1875,2073,200,24
1.3937,1875,2074,200,32
1.3941,1875,2074,200,32
1.3945,1875,2074,200,32
1.3949,1875,2074,200,32
1.3953,1875,2074,200,32
1.3957,1875,2074,200,32
1.3961,1875,2074,200,32
1.3966,1875,2074,200,32
1.3970,1875,2074,200,32
1.3974,1875,2074,200,32
1.3978,1875,2074,200,32
1.3982,1875,2074,200,32
1.3987,1875,2074,200,32
1.3991,1875,2074,200,32
1.3995,1875,2074,200,32
1.3999,1875,2074,200,32
1.4003,1881,2074,200,32
1.4011,1881,2074,200,32
1.4015,1881,2075,200,32
1.4019,1881,2075,200,32
1.4023,1881,2075,200,32
1.4027,1881,2075,200,32
1.4031,1881,2075,200,32
1.4035,1881,2075,200,32
1.4039,1881,2075,200,32
1.4043,1881,2075,200,32
1.4048,1881,2075,200,32
1.4052,1881,2075,200,32
1.4057,1881,2075,200,32
1.4061,1881,2075,200,32
1.4065,1881,2075,150,40
1.4069,1881,2075,150,40
1.4073,1881,2075,150,40
1.4077,1881,2075,150,40
1.4081,1881,2075,150,40
1.4085,1881,2075,150,40
1.4089,1881,2075,150,40
1.4093,1881,2075,150,40
1.4097,1881,2075,150,40
1.4101,1889,2075,150,32
1.4108,1889,2075,150,32
1.4112,1889,2075,150,32
1.4117,1889,2075,150,32
1.4121,1889,2075,150,32
1.4125,1889,2075,150,40
1.4129,1889,2075,150,40
1.4133,1889,2075,150,40
1.4137,1889,2075,150,40
1.4141,1889,2075,150,40
1.4146,1889,2075,150,40
1.4151,1889,2075,150,40
1.4155,1889,2075,150,40
1.4159,1889,2075,150,40
1.4163,1889,2075,150,40
1.4167,1889,2075,150,40
1.4171,1889,2075,150,40
1.4175,1889,2075,150,48
1.4179,1889,2075,150,48
1.4183,1889,2075,150,48
1.4187,1889,2075,150,48
1.4191,1889,2075,150,48
1.4195,1889,2075,150,48
1.4200,1889,2075,150,48
1.4204,1899,2075,150,48
1.4211,1899,2075,150,48
1.4215,1899,2075,150,56
1.4219,1899,2075,150,56
1.4223,1899,2075,150,56
1.4227,1899,2075,150,56
1.4231,1899,2075,150,56
1.4235,1899,2075,150,56
1.4239,1899,2075,150,56
1.4243,1899,2075,150,56
1.4247,1899,2075,150,56
1.4251,1899,2075,150,56
1.4255,1899,2075,150,64
1.4259,1899,2075,150,64
1.4263,1899,2075,150,64
1.4268,1899,2075,0,64
1.4272,1899,2075,0,64
1.4276,1899,2075,0,64
1.4280,1899,2075,0,64
1.4284,1899,2075,0,64
1.4288,1899,2075,0,64
1.4292,1899,2075,0,64
1.4297,1899,2075,0,72
1.4300,1912,2075,0,84
1.4307,1912,2075,0,84
1.4311,1912,2075,0,84
1.4315,1912,2075,0,84
1.4319,1912,2075,0,84
1.4323,1912,2075,0,92
1.4327,1912,2075,0,92
1.4331,1912,2075,0,92
1.4334,1912,2075,0,92
1.4338,1912,2075,0,92
1.4342,1912,2075,0,92
1.4346,1912,2075,0,92
1.4350,1912,2075,0,92
1.4353,1912,2075,0,100
1.4357,1912,2075,0,100
1.4361,1912,2075,0,100
1.4365,1912,2075,0,100
1.4369,1912,2075,0,100
1.4372,1912,2075,0,100
1.4377,1912,2075,0,100
1.4381,1912,2075,0,100
1.4385,1912,2074,0,92
1.4388,1912,2074,0,92
1.4392,1912,2074,0,92
1.4396,1912,2074,0,100
1.4399,1912,2074,0,100
1.4403,1927,2074,0,100
1.4411,1927,2074,0,100
1.4415,1927,2074,0,100
1.4419,1927,2074,0,100
1.4423,1927,2074,0,108
1.4426,1927,2074,0,108
1.4430,1927,2074,0,108
1.4434,1927,2073,0,100
1.4437,1927,2073,0,100
1.4441,1927,2073,0,100
1.4445,1927,2073,0,108
1.4449,1927,2073,0,108
1.4452,1927,2073,0,108
1.4457,1927,2073,0,108
1.4460,1927,2073,0,108
1.4464,1927,2073,-100,108
1.4468,1927,2073,-100,108
1.4471,1927,2073,-100,108
1.4475,1927,2072,-100,108
1.4480,1927,2072,-100,108
1.4483,1927,2072,-100,108
1.4487,1927,2072,-100,108
1.4491,1927,2072,-100,108
1.4495,1927,2072,-100,108
1.4498,1927,2072,-100,108
1.4502,1943,2072,-100,112
1.4509,1943,2072,-100,112
1.4513,1943,2072,-100,112
1.4517,1943,2072,-100,112
1.4521,1943,2072,-100,112
1.4525,1943,2071,-100,112
1.4528,1943,2071,-100,112
1.4532,1943,2071,-100,112
1.4537,1943,2071,-100,112
1.4540,1943,2071,-100,112
1.4544,1943,2071,-100,112
1.4548,1943,2071,-100,112
1.4552,1943,2071,-100,120
1.4557,1943,2071,-100,120
1.4560,1943,2071,-100,120
1.4564,1943,2070,-100,112
1.4568,1943,2070,-100,112
1.4572,1943,2070,-100,112
1.4575,1943,2070,-100,120
1.4579,1943,2070,-100,120
1.4583,1943,2070,-100,120
1.4586,1943,2070,-100,120
1.4590,1943,2070,-100,120
1.4594,1943,2069,-100,112
1.4598,1943,2069,-100,112
1.4601,1961,2069,-100,120
1.4608,1961,2069,-100,120
1.4612,1961,2069,-100,120
1.4615,1961,2069,-100,120
1.4619,1961,2069,-100,120
1.4623,1961,2068,-100,120
1.4627,1961,2068,-100,120
1.4630,1961,2068,-100,120
1.4634,1961,2068,-100,120
1.4637,1961,2068,-100,120
1.4641,1961,2068,-100,120
1.4645,1961,2068,-100,128
1.4648,1961,2068,-100,128
1.4652,1961,2067,-100,120
1.4655,1961,2067,-100,120
1.4659,1961,2067,-100,120
1.4663,1961,2067,-300,128
1.4666,1961,2067,-300,128
1.4670,1961,2067,-300,128
1.4674,1961,2067,-300,128
1.4678,1961,2067,-300,128
1.4686,1961,2066,-300,128
1.4690,1961,2066,-300,128
1.4693,1961,2066,-300,128
1.4697,1961,2066,-300,128
1.4701,1980,2066,-300,132
1.4708,1980,2066,-300,132
1.4712,1980,2065,-300,124
1.4717,1980,2065,-300,124
1.4721,1980,2065,-300,124
1.4725,1980,2065,-300,124
1.4729,1980,2065,-300,124
1.4733,1980,2065,-300,132
1.4737,1980,2065,-300,132
1.4740,1980,2065,-300,132
1.4744,1980,2064,-300,132
1.4748,1980,2064,-300,132
1.4751,1980,2064,-300,132
1.4755,1980,2064,-300,132
1.4758,1980,2064,-300,132
1.4762,1980,2064,-300,140
1.4766,1980,2064,-300,140
1.4769,1980,2064,-300,140
1.4773,1980,2063,-300,132
1.4777,1980,2063,-300,132
1.4780,1980,2063,-300,132
1.4784,1980,2063,-300,140
1.4789,1980,2063,-300,140
1.4793,1980,2063,-300,140
1.4797,1980,2063,-300,140
1.4801,2001,2062,-300,140
1.4808,2001,2062,-300,140
1.4812,2001,2062,-300,140
1.4816,2001,2062,-300,140
1.4819,2001,2062,-300,140
1.4823,2001,2062,-300,148
1.4827,2001,2062,-300,148
1.4831,2001,2061,-300,140
1.4835,2001,2061,-300,140
1.4839,2001,2061,-300,140
1.4843,2001,2061,-300,148
1.4847,2001,2061,-300,148
1.4850,2001,2061,-300,148
1.4854,2001,2060,-300,140
1.4858,2001,2060,-300,140
1.4861,2001,2060,-350,148
1.4865,2001,2060,-350,148
1.4869,2001,2060,-350,148
1.4873,2001,2059,-350,148
1.4877,2001,2059,-350,148
1.4880,2001,2059,-350,148
1.4884,2001,2059,-350,148
1.4888,2001,2059,-350,148
1.4891,2001,2058,-350,148
1.4895,2001,2058,-350,148
1.4899,2001,2058,-350,148
1.4903,2022,2058,-350,144
1.4910,2022,2058,-350,144
1.4914,2022,2058,-350,152
1.4917,2022,2058,-350,152
1.4921,2022,2057,-350,144
1.4925,2022,2057,-350,144
1.4928,2022,2057,-350,144
1.4932,2022,2056,-350,144
1.4936,2022,2056,-350,144
1.4940,2022,2056,-350,144
1.4944,2022,2056,-350,152
1.4948,2022,2056,-350,152
1.4952,2022,2056,-350,152
1.4956,2022,2056,-350,152
1.4960,2022,2056,-350,152
1.4964,2022,2055,-350,152
1.4968,2022,2055,-350,152
1.4972,2022,2055,-350,152
1.4976,2022,2055,-350,152
1.4980,2022,2055,-350,160
1.4984,2022,2055,-350,160
1.4988,2022,2055,-350,160
1.4992,2022,2054,-350,152
1.4997,2022,2054,-350,152
1.5001,2043,2054,-350,160
1.5009,2043,2054,-350,160
1.5013,2043,2053,-350,152
1.5017,2043,2053,-350,152
1.5021,2043,2053,-350,160
1.5025,2043,2053,-350,160
1.5030,2043,2053,-350,160
1.5033,2043,2052,-350,152
1.5037,2043,2052,-350,152
1.5041,2043,2052,-350,160
1.5045,2043,2052,-350,160
1.5050,2043,2051,-350,152
1.5054,2043,2051,-350,152
1.5058,2043,2051,-350,152
1.5062,2043,2051,-450,160
1.5067,2043,2051,-450,160
1.5071,2043,2050,-450,152
1.5075,2043,2050,-450,152
1.5079,2043,2050,-450,152
1.5083,2043,2050,-450,160
1.5087,2043,2050,-450,160
1.5091,2043,2049,-450,152
1.5096,2043,2049,-450,152
1.5100,2043,2049,-450,160
1.5104,2065,2049,-450,160
1.5112,2065,2049,-450,160
1.5116,2065,2049,-450,160
1.5120,2065,2048,-450,160
1.5124,2065,2048,-450,160
1.5128,2065,2048,-450,160
1.5132,2065,2047,-450,152
1.5136,2065,2047,-450,152
1.5140,2065,2047,-450,160
1.5144,2065,2047,-450,160
1.5148,2065,2047,-450,160
1.5152,2065,2046,-450,152
1.5157,2065,2046,-450,152
1.5161,2065,2046,-450,160
1.5165,2065,2046,-450,160
1.5169,2065,2045,-450,152
1.5174,2065,2045,-450,152
1.5178,2065,2045,-450,152
1.5183,2065,2045,-450,160
1.5187,2065,2045,-450,160
1.5191,2065,2044,-450,152
1.5195,2065,2044,-450,152
1.5199,2065,2044,-450,152
1.5203,2086,2044,-450,152
1.5211,2086,2043,-450,152
1.5215,2086,2043,-450,152
1.5220,2086,2043,-450,152
1.5224,2086,2043,-450,152
1.5228,2086,2043,-450,152
1.5231,2086,2042,-450,152
1.5236,2086,2042,-450,152
1.5240,2086,2042,-450,152
1.5244,2086,2042,-450,152
1.5248,2086,2042,-450,152
1.5252,2086,2041,-450,152
1.5256,2086,2041,-450,152
1.5260,2086,2041,-500,152
1.5264,2086,2041,-500,152
1.5268,2086,2041,-500,152
1.5271,2086,2040,-500,144
1.5275,2086,2040,-500,144
1.5279,2086,2040,-500,152
1.5283,2086,2040,-500,152
1.5287,2086,2040,-500,152
1.5291,2086,2039,-500,144
1.5295,2086,2039,-500,144
1.5299,2086,2038,-500,128
1.5303,2106,2038,-500,128
1.5310,2106,2038,-500,128
1.5314,2106,2038,-500,128
1.5317,2106,2038,-500,128
1.5321,2106,2037,-500,120
1.5324,2106,2037,-500,120
1.5328,2106,2037,-500,120
1.5331,2106,2037,-500,128
1.5335,2106,2037,-500,128
1.5339,2106,2036,-500,120
1.5343,2106,2036,-500,120
1.5347,2106,2036,-500,120
1.5350,2106,2036,-500,120
1.5354,2106,2036,-500,120
1.5358,2106,2036,-500,120
1.5361,2106,2035,-500,120
1.5365,2106,2035,-500,120
1.5369,2106,2035,-500,120
1.5373,2106,2035,-500,120
1.5377,2106,2035,-500,120
1.5381,2106,2034,-500,112
1.5385,2106,2034,-500,112
1.5389,2106,2034,-500,120
1.5393,2106,2034,-500,120
1.5397,2106,2034,-500,120
1.5400,2125,2033,-500,112
1.5407,2125,2033,-500,112
1.5411,2125,2033,-500,112
1.5415,2125,2033,-500,112
1.5418,2125,2032,-500,112
1.5422,2125,2032,-500,112
1.5425,2125,2032,-500,112
1.5429,2125,2032,-500,112
1.5433,2125,2032,-500,112
1.5437,2125,2032,-500,112
1.5440,2125,2031,-500,104
1.5444,2125,2031,-500,104
1.5447,2125,2031,-500,104
1.5451,2125,2031,-500,112
1.5455,2125,2031,-500,112
1.5458,2125,2030,-550,104
1.5462,2125,2030,-550,104
1.5466,2125,2030,-550,104
1.5469,2125,2030,-550,104
1.5473,2125,2030,-550,104
1.5477,2125,2030,-550,104
1.5480,2125,2029,-550,104
1.5484,2125,2029,-550,104
1.5488,2125,2029,-550,104
1.5491,2125,2029,-550,104
1.5495,2125,2029,-550,104
1.5499,2125,2028,-550,88
1.5503,2144,2028,-550,88
1.5511,2144,2028,-550,88
1.5515,2144,2028,-550,88
1.5519,2144,2028,-550,96
1.5523,2144,2028,-550,96
1.5527,2144,2028,-550,96
1.5530,2144,2027,-550,88
1.5534,2144,2027,-550,88
1.5538,2144,2027,-550,88
1.5542,2144,2027,-550,88
1.5547,2144,2027,-550,88
1.5550,2144,2026,-550,88
1.5554,2144,2026,-550,88
1.5558,2144,2026,-550,88
1.5561,2144,2026,-550,88
1.5565,2144,2026,-550,88
1.5569,2144,2026,-550,88
1.5573,2144,2026,-550,88
1.5577,2144,2026,-550,88
1.5580,2144,2025,-550,80
1.5584,2144,2025,-550,80
1.5587,2144,2025,-550,88
1.5591,2144,2025,-550,88
1.5595,2144,2025,-550,88
1.5598,2144,2024,-550,80
1.5602,2160,2024,-550,80
1.5609,2160,2024,-550,80
1.5613,2160,2024,-550,80
1.5617,2160,2024,-550,80
1.5620,2160,2023,-550,72
1.5624,2160,2023,-550,72
1.5628,2160,2023,-550,72
1.5631,2160,2023,-550,72
1.5635,2160,2023,-550,72
1.5639,2160,2022,-550,72
1.5643,2160,2022,-550,72
1.5646,2160,2022,-550,72
1.5650,2160,2022,-550,72
1.5654,2160,2022,-550,72
1.5657,2160,2022,-400,72
1.5661,2160,2022,-400,72
1.5665,2160,2022,-400,72
1.5668,2160,2021,-400,64
1.5672,2160,2021,-400,64
1.5677,2160,2021,-400,64
1.5681,2160,2021,-400,64
1.5685,2160,2021,-400,64
1.5689,2160,2021,-400,72
1.5692,2160,2021,-400,72
1.5697,2160,2020,-400,68
1.5701,2175,2020,-400,68
1.5709,2175,2020,-400,68
1.5713,2175,2020,-400,68
1.5717,2175,2020,-400,68
1.5721,2175,2020,-400,68
1.5725,2175,2020,-400,68
1.5729,2175,2019,-400,60
1.5733,2175,2019,-400,60
1.5737,2175,2019,-400,68
1.5741,2175,2019,-400,68
1.5745,2175,2019,-400,68
1.5749,2175,2019,-400,68
1.5753,2175,2019,-400,68
1.5757,2175,2018,-400,60
1.5761,2175,2018,-400,60
1.5764,2175,2018,-400,60
1.5768,2175,2018,-400,60
1.5772,2175,2018,-400,60
1.5777,2175,2018,-400,60
1.5781,2175,2018,-400,60
1.5786,2175,2018,-400,60
1.5790,2175,2017,-400,52
1.5794,2175,2017,-400,52
1.5798,2175,2017,-400,52
1.5802,2187,2017,-400,52
1.5809,2187,2016,-400,52
1.5814,2187,2016,-400,52
1.5818,2187,2016,-400,52
1.5822,2187,2016,-400,52
1.5827,2187,2016,-400,52
1.5831,2187,2016,-400,52
1.5835,2187,2016,-400,52
1.5839,2187,2016,-400,52
1.5842,2187,2016,-400,52
1.5847,2187,2015,-400,44
1.5851,2187,2015,-400,44
1.5855,2187,2015,-400,44
1.5859,2187,2015,-350,44
1.5863,2187,2015,-350,44
1.5867,2187,2015,-350,44
1.5871,2187,2015,-350,44
1.5875,2187,2015,-350,44
1.5880,2187,2014,-350,36
1.5884,2187,2014,-350,36
1.5887,2187,2014,-350,36
1.5891,2187,2014,-350,36
1.5895,2187,2014,-350,36
1.5898,2187,2014,-350,44
1.5902,2198,2014,-350,44
1.5909,2198,2014,-350,44
1.5913,2198,2014,-350,44
1.5917,2198,2013,-350,36
1.5920,2198,2013,-350,36
1.5924,2198,2013,-350,36
1.5928,2198,2013,-350,36
1.5931,2198,2013,-350,36
1.5935,2198,2013,-350,36
1.5939,2198,2013,-350,36
1.5943,2198,2013,-350,36
1.5947,2198,2013,-350,36
1.5951,2198,2013,-350,36
1.5955,2198,2013,-350,36
1.5959,2198,2013,-350,36
1.5963,2198,2013,-350,36
1.5967,2198,2012,-350,28
1.5971,2198,2012,-350,28
1.5975,2198,2012,-350,28
1.5979,2198,2012,-350,28
1.5984,2198,2012,-350,28
1.5988,2198,2012,-350,28
1.5992,2198,2012,-350,28
1.5997,2198,2012,-350,28
1.6001,2205,2012,-350,28
1.6009,2205,2012,-350,28
1.6013,2205,2012,-350,28
1.6017,2205,2011,-350,20
1.6021,2205,2011,-350,20
1.6025,2205,2011,-350,20
1.6029,2205,2011,-350,20
1.6033,2205,2011,-350,20
1.6038,2205,2011,-350,-20
1.6041,2205,2011,-350,-20
1.6046,2205,2011,-350,-20
1.6050,2205,2011,-350,-20
1.6054,2205,2011,-350,-20
1.6057,2205,2011,-200,-20
1.6061,2205,2011,-200,-20
1.6065,2205,2011,-200,-20
1.6068,2205,2010,-200,-28
1.6072,2205,2010,-200,-28
1.6077,2205,2010,-200,-28
1.6080,2205,2010,-200,-28
1.6084,2205,2010,-200,-28
1.6088,2205,2010,-200,-28
1.6091,2205,2010,-200,-28
1.6095,2205,2010,-200,-36
1.6099,2205,2010,-200,-36
1.6103,2211,2010,-200,-36
1.6110,2211,2010,-200,-36
1.6114,2211,2010,-200,-36
1.6118,2211,2010,-200,-36
1.6123,2211,2010,-200,-36
1.6127,2211,2010,-200,-36
1.6131,2211,2010,-200,-36
1.6135,2211,2010,-200,-36
1.6139,2211,2010,-200,-36
1.6143,2211,2010,-200,-36
1.6147,2211,2009,-200,-36
1.6151,2211,2009,-200,-36
1.6155,2211,2009,-200,-36
1.6159,2211,2009,-200,-36
1.6163,2211,2009,-200,-36
1.6167,2211,2009,-200,-36
1.6171,2211,2009,-200,-36
1.6175,2211,2009,-200,-36
1.6179,2211,2009,-200,-36
1.6183,2211,2009,-200,-36
1.6187,2211,2009,-200,-36
1.6192,2211,2009,-200,-36
1.6197,2211,2009,-200,-36
1.6201,2213,2009,-200,-44
1.6208,2213,2009,-200,-44
1.6212,2213,2009,-200,-44
1.6217,2213,2009,-200,-44
1.6221,2213,2009,-200,-44
1.6225,2213,2009,-200,-44
1.6229,2213,2009,-200,-44
1.6234,2213,2009,-200,-44
1.6238,2213,2009,-200,-44
1.6242,2213,2009,-200,-44
1.6247,2213,2009,-200,-44
1.6251,2213,2009,-200,-44
1.6255,2213,2009,-100,-52
1.6258,2213,2009,-100,-52
1.6263,2213,2009,-100,-52
1.6267,2213,2009,-100,-52
1.6271,2213,2009,-100,-52
1.6275,2213,2009,-100,-52
1.6279,2213,2009,-100,-52
1.6283,2213,2009,-100,-52
1.6287,2213,2009,-100,-52
1.6291,2213,2009,-100,-52
1.6295,2213,2009,-100,-40
1.6299,2213,2009,-100,-40
1.6304,2213,2009,-100,-48
1.6311,2213,2009,-100,-48
1.6315,2213,2009,-100,-48
1.6319,2213,2009,-100,-48
1.6323,2213,2009,-100,-48
1.6327,2213,2009,-100,-48
1.6331,2213,2009,-100,-48
1.6335,2213,2009,-100,-48
1.6339,2213,2009,-100,-48
1.6343,2213,2009,-100,-48
1.6347,2213,2009,-100,-48
1.6351,2213,2009,-100,-48
1.6355,2213,2009,-100,-56
1.6359,2213,2009,-100,-56
1.6363,2213,2009,-100,-56
1.6367,2213,2009,-100,-56
1.6371,2213,2009,-100,-56
1.6375,2213,2009,-100,-56
1.6379,2213,2009,-100,-56
1.6382,2213,2009,-100,-56
1.6387,2213,2009,-100,-56
1.6390,2213,2009,-100,-56
1.6394,2213,2009,-100,-64
1.6398,2213,2009,-100,-64
1.6402,2211,2009,-100,-64
1.6409,2211,2009,-100,-64
1.6413,2211,2009,-100,-64
1.6417,2211,2009,-100,-64
1.6420,2211,2009,-100,-64
1.6424,2211,2009,-100,-72
1.6428,2211,2009,-100,-72
1.6432,2211,2009,-100,-72
1.6437,2211,2009,-100,-72
1.6441,2211,2009,-100,-72
1.6444,2211,2009,-100,-72
1.6448,2211,2009,-100,-72
1.6452,2211,2009,-100,-72
1.6457,2211,2009,0,-72
1.6460,2211,2009,0,-72
1.6464,2211,2009,0,-80
1.6468,2211,2009,0,-80
1.6472,2211,2009,0,-80
1.6477,2211,2009,0,-80
1.6481,2211,2009,0,-80
1.6485,2211,2009,0,-80
1.6489,2211,2009,0,-80
1.6493,2211,2009,0,-104
1.6497,2211,2009,0,-104
1.6501,2205,2009,0,-104
1.6509,2205,2009,0,-104
1.6513,2205,2009,0,-104
1.6517,2205,2009,0,-104
1.6521,2205,2009,0,-104
1.6525,2205,2009,0,-112
1.6529,2205,2009,0,-112
1.6533,2205,2009,0,-112
1.6537,2205,2009,0,-112
1.6541,2205,2009,0,-112
1.6545,2205,2009,0,-112
1.6549,2205,2009,0,-112
1.6553,2205,2009,0,-120
1.6557,2205,2009,0,-120
1.6561,2205,2009,0,-120
1.6565,2205,2009,0,-120
1.6568,2205,2009,0,-120
1.6572,2205,2009,0,-120
1.6577,2205,2009,0,-120
1.6580,2205,2009,0,-120
1.6584,2205,2009,0,-128
1.6588,2205,2009,0,-128
1.6592,2205,2009,0,-128
1.6597,2205,2009,0,-128
1.6600,2197,2009,0,-128
1.6607,2197,2009,0,-128
1.6611,2197,2009,0,-128
1.6615,2197,2009,0,-136
1.6618,2197,2009,0,-136
1.6622,2197,2009,0,-136
1.6627,2197,2009,0,-136
1.6630,2197,2009,0,-136
1.6634,2197,2009,0,-136
1.6638,2197,2009,0,-136
1.6642,2197,2009,0,-136
1.6645,2197,2010,0,-136
1.6649,2197,2010,0,-136
1.6653,2197,2010,50,-136
1.6657,2197,2010,50,-136
1.6660,2197,2010,50,-136
1.6664,2197,2010,50,-144
1.6668,2197,2010,50,-144
1.6671,2197,2010,50,-144
1.6675,2197,2010,50,-144
1.6678,2197,2010,50,-144
1.6682,2197,2011,50,-136
1.6686,2197,2011,50,-136
1.6689,2197,2011,50,-136
1.6693,2197,2011,50,-140
1.6697,2197,2011,50,-140
1.6701,2187,2011,50,-140
1.6707,2187,2011,50,-140
1.6711,2187,2011,50,-140
1.6715,2187,2012,50,-140
1.6718,2187,2012,50,-140
1.6722,2187,2012,50,-140
1.6726,2187,2012,50,-140
1.6729,2187,2012,50,-140
1.6733,2187,2012,50,-148
1.6737,2187,2012,50,-148
1.6740,2187,2012,50,-148
1.6744,2187,2012,50,-148
1.6748,2187,2012,50,-148
1.6753,2187,2013,50,-140
1.6757,2187,2013,50,-140
1.6761,2187,2013,50,-140
1.6765,2187,2013,50,-148
1.6769,2187,2013,50,-148
1.6773,2187,2013,50,-148
1.6777,2187,2013,50,-148
1.6781,2187,2013,50,-148
1.6785,2187,2014,50,-148
1.6789,2187,2014,50,-148
1.6793,2187,2014,50,-148
1.6797,2187,2014,50,-148
1.6801,2174,2014,50,-156
1.6809,2174,2014,50,-156
1.6812,2174,2015,50,-148
1.6817,2174,2015,50,-148
1.6821,2174,2015,50,-148
1.6825,2174,2015,50,-156
1.6828,2174,2015,50,-156
1.6833,2174,2016,50,-148
1.6837,2174,2016,50,-148
1.6841,2174,2016,50,-148
1.6845,2174,2016,50,-156
1.6849,2174,2016,50,-156
1.6853,2174,2016,300,-156
1.6857,2174,2016,300,-156
1.6861,2174,2016,300,-156
1.6865,2174,2017,300,-156
1.6869,2174,2017,300,-156
1.6873,2174,2017,300,-156
1.6878,2174,2017,300,-156
1.6882,2174,2018,300,-156
1.6886,2174,2018,300,-156
1.6890,2174,2018,300,-156
1.6894,2174,2018,300,-144
1.6898,2174,2018,300,-144
1.6901,2160,2018,300,-152
1.6910,2160,2018,300,-152
1.6913,2160,2019,300,-144
1.6917,2160,2019,300,-144
1.6921,2160,2019,300,-152
1.6925,2160,2019,300,-152
1.6929,2160,2019,300,-152
1.6933,2160,2020,300,-144
1.6937,2160,2020,300,-144
1.6941,2160,2020,300,-152
1.6945,2160,2020,300,-152
1.6949,2160,2020,300,-152
1.6953,2160,2020,300,-152
1.6957,2160,2020,300,-152
1.6962,2160,2021,300,-152
1.6966,2160,2021,300,-152
1.6970,2160,2021,300,-152
1.6974,2160,2021,300,-152
1.6978,2160,2021,300,-152
1.6982,2160,2022,300,-152
1.6986,2160,2022,300,-152
1.6990,2160,2022,300,-152
1.6994,2160,2022,300,-152
1.6998,2160,2022,300,-152
1.7002,2143,2023,300,-152
1.7009,2143,2023,300,-152
1.7014,2143,2023,300,-160
1.7017,2143,2023,300,-160
1.7021,2143,2024,300,-152
1.7025,2143,2024,300,-152
1.7029,2143,2024,300,-152
1.7033,2143,2024,300,-160
1.7037,2143,2024,300,-160
1.7041,2143,2025,300,-152
1.7045,2143,2025,300,-152
1.7048,2143,2025,300,-152
1.7052,2143,2025,450,-160
1.7057,2143,2025,450,-160
1.7060,2143,2026,450,-160
1.7064,2143,2026,450,-160
1.7068,2143,2026,450,-160
1.7072,2143,2026,450,-160
1.7075,2143,2026,450,-160
1.7079,2143,2026,450,-160
1.7083,2143,2026,450,-168
1.7087,2143,2026,450,-168
1.7091,2143,2027,450,-160
1.7094,2143,2027,450,-160
1.7098,2143,2027,450,-160
1.7102,2125,2028,450,-160
1.7109,2125,2028,450,-160
1.7113,2125,2028,450,-168
1.7119,2125,2028,450,-168
1.7123,2125,2029,450,-160
1.7127,2125,2029,450,-160
1.7136,2125,2029,450,-168
1.7141,2125,2030,450,-160
1.7145,2125,2030,450,-160
1.7151,2125,2030,450,-168
1.7157,2125,2030,450,-168
1.7161,2125,2031,450,-168
1.7165,2125,2031,450,-168
1.7169,2125,2031,450,-168
1.7173,2125,2031,450,-168
1.7177,2125,2031,450,-168
1.7181,2125,2032,450,-168
1.7185,2125,2032,450,-168
1.7189,2125,2032,450,-168
1.7193,2125,2032,450,-176
1.7197,2125,2032,450,-176
1.7201,2106,2033,450,-168
1.7211,2106,2033,450,-176
1.7215,2106,2033,450,-176
1.7219,2106,2034,450,-176
1.7223,2106,2034,450,-176
1.7228,2106,2034,450,-176
1.7232,2106,2034,450,-176
1.7235,2106,2034,450,-176
1.7240,2106,2035,450,-176
1.7244,2106,2035,450,-176
1.7248,2106,2035,450,-176
1.7252,2106,2035,500,-184
1.7256,2106,2035,500,-184
1.7260,2106,2036,500,-184
1.7264,2106,2036,500,-184
1.7268,2106,2036,500,-184
1.7272,2106,2036,500,-184
1.7275,2106,2036,500,-184
1.7280,2106,2037,500,-184
1.7284,2106,2037,500,-184
1.7288,2106,2037,500,-184
1.7292,2106,2038,500,-188
1.7296,2106,2038,500,-188
1.7300,2106,2038,500,-188
1.7304,2085,2038,500,-188
1.7312,2085,2039,500,-188
1.7316,2085,2039,500,-188
1.7320,2085,2039,500,-196
1.7324,2085,2039,500,-196
1.7328,2085,2039,500,-196
1.7332,2085,2040,500,-188
1.7337,2085,2040,500,-188
1.7341,2085,2040,500,-196
1.7345,2085,2040,500,-196
1.7349,2085,2041,500,-196
1.7353,2085,2041,500,-196
1.7357,2085,2041,500,-196
1.7361,2085,2042,500,-188
1.7365,2085,2042,500,-188
1.7369,2085,2042,500,-196
1.7373,2085,2042,500,-196
1.7377,2085,2042,500,-196
1.7381,2085,2043,500,-196
1.7385,2085,2043,500,-196
1.7389,2085,2043,500,-196
1.7393,2085,2043,500,-196
1.7397,2085,2043,500,-196
1.7401,2064,2044,500,-196
1.7409,2064,2044,500,-196
1.7413,2064,2044,500,-196
1.7417,2064,2044,500,-196
1.7421,2064,2045,500,-196
1.7425,2064,2045,500,-196
1.7428,2064,2046,500,-196
1.7432,2064,2046,500,-196
1.7437,2064,2046,500,-196
1.7441,2064,2047,500,-188
1.7445,2064,2047,500,-188
1.7448,2064,2047,600,-196
1.7452,2064,2047,600,-196
1.7457,2064,2047,600,-196
1.7460,2064,2048,600,-196
1.7464,2064,2048,600,-196
1.7468,2064,2048,600,-196
1.7472,2064,2048,600,-196
1.7477,2064,2048,600,-196
1.7480,2064,2049,600,-196
1.7484,2064,2049,600,-196
1.7488,2064,2049,600,-188
1.7492,2064,2049,600,-188
1.7497,2064,2049,600,-188
1.7501,2043,2050,600,-188
1.7508,2043,2051,600,-188
1.7512,2043,2051,600,-188
1.7517,2043,2051,600,-188
1.7521,2043,2052,600,-180
1.7524,2043,2052,600,-180
1.7528,2043,2052,600,-188
1.7532,2043,2052,600,-188
1.7537,2043,2052,600,-188
1.7541,2043,2053,600,-180
1.7545,2043,2053,600,-180
1.7549,2043,2054,600,-180
1.7552,2043,2054,600,-180
1.7557,2043,2054,600,-180
1.7561,2043,2054,600,-180
1.7565,2043,2054,600,-180
1.7569,2043,2055,600,-180
1.7573,2043,2055,600,-180
1.7577,2043,2055,600,-180
1.7581,2043,2055,600,-180
1.7585,2043,2055,600,-180
1.7589,2043,2056,600,-180
1.7593,2043,2056,600,-180
1.7598,2043,2057,600,-180
1.7602,2021,2057,600,-180
1.7610,2021,2058,600,-172
1.7614,2021,2058,600,-172
1.7617,2021,2058,600,-180
1.7621,2021,2058,600,-180
1.7625,2021,2058,600,-180
1.7629,2021,2059,600,-172
1.7633,2021,2059,600,-172
1.7637,2021,2059,600,-172
1.7641,2021,2059,600,-180
1.7645,2021,2059,600,-180
1.7649,2021,2060,650,-172
1.7652,2021,2060,650,-172
1.7657,2021,2060,650,-172
1.7660,2021,2061,650,-172
1.7664,2021,2061,650,-172
1.7668,2021,2062,650,-164
1.7672,2021,2062,650,-164
1.7676,2021,2062,650,-164
1.7680,2021,2062,650,-172
1.7684,2021,2062,650,-172
1.7688,2021,2063,650,-148
1.7692,2021,2063,650,-148
1.7695,2021,2063,650,-148
1.7699,2021,2063,650,-156
1.7704,2000,2063,650,-156
1.7711,2000,2064,650,-148
1.7714,2000,2064,650,-148
1.7718,2000,2064,650,-156
1.7721,2000,2064,650,-156
1.7725,2000,2064,650,-156
1.7729,2000,2065,650,-148
1.7732,2000,2065,650,-148
1.7736,2000,2066,650,-140
1.7741,2000,2066,650,-140
1.7745,2000,2066,650,-140
1.7748,2000,2066,650,-148
1.7753,2000,2066,650,-148
1.7757,2000,2066,650,-148
1.7760,2000,2067,650,-140
1.7764,2000,2067,650,-140
1.7768,2000,2068,650,-140
1.7771,2000,2068,650,-140
1.7775,2000,2068,650,-140
1.7779,2000,2068,650,-140
1.7783,2000,2068,650,-140
1.7786,2000,2068,650,-140
1.7790,2000,2068,650,-148
1.7794,2000,2068,650,-148
1.7797,2000,2069,650,-140
1.7801,1980,2069,650,-140
1.7808,1980,2070,650,-140
1.7811,1980,2070,650,-140
1.7815,1980,2070,650,-140
1.7819,1980,2070,650,-140
1.7823,1980,2070,650,-140
1.7827,1980,2071,650,-132
1.7831,1980,2071,650,-132
1.7835,1980,2071,650,-132
1.7838,1980,2071,650,-140
1.7842,1980,2071,650,-140
1.7847,1980,2072,600,-132
1.7851,1980,2072,600,-132
1.7855,1980,2072,600,-132
1.7859,1980,2073,600,-132
1.7863,1980,2073,600,-132
1.7867,1980,2073,600,-132
1.7871,1980,2073,600,-132
1.7875,1980,2073,600,-132
1.7879,1980,2074,600,-124
1.7884,1980,2074,600,-124
1.7888,1980,2074,600,-136
1.7891,1980,2074,600,-136
1.7895,1980,2074,600,-136
1.7899,1980,2075,600,-128
1.7903,1960,2076,600,-128
1.7911,1960,2076,600,-128
1.7915,1960,2076,600,-128
1.7918,1960,2076,600,-128
1.7922,1960,2076,600,-128
1.7927,1960,2076,600,-128
1.7931,1960,2076,600,-128
1.7935,1960,2076,600,-128
1.7939,1960,2077,600,-128
1.7943,1960,2077,600,-128
1.7947,1960,2078,600,-120
1.7951,1960,2078,600,-120
1.7955,1960,2078,600,-120
1.7959,1960,2078,600,-120
1.7963,1960,2078,600,-120
1.7967,1960,2079,600,-120
1.7971,1960,2079,600,-120
1.7975,1960,2079,600,-120
1.7979,1960,2080,600,-112
1.7983,1960,2080,600,-112
1.7987,1960,2080,600,-112
1.7991,1960,2080,600,-112
1.7995,1960,2080,600,-112
1.7999,1960,2080,600,-120
1.8003,1942,2081,600,-112
1.8011,1942,2081,600,-112
1.8015,1942,2081,600,-112
1.8019,1942,2082,600,-104
1.8023,1942,2082,600,-104
1.8027,1942,2082,600,-112
1.8031,1942,2082,600,-112
1.8035,1942,2082,600,-112
1.8039,1942,2082,600,-112
1.8043,1942,2082,600,-112
1.8048,1942,2083,550,-104
1.8051,1942,2083,550,-104
1.8056,1942,2084,550,-104
1.8060,1942,2084,550,-104
1.8063,1942,2084,550,-104
1.8067,1942,2084,550,-104
1.8071,1942,2084,550,-104
1.8075,1942,2084,550,-104
1.8079,1942,2084,550,-104
1.8083,1942,2084,550,-104
1.8087,1942,2085,550,-96
1.8091,1942,2085,550,-96
1.8095,1942,2085,550,-96
1.8099,1942,2085,550,-96
1.8103,1926,2086,550,-88
1.8111,1926,2086,550,-88
1.8114,1926,2086,550,-88
1.8118,1926,2086,550,-88
1.8122,1926,2086,550,-88
1.8127,1926,2087,550,-88
1.8131,1926,2087,550,-88
1.8135,1926,2087,550,-88
1.8139,1926,2087,550,-88
1.8143,1926,2087,550,-88
1.8147,1926,2088,550,-80
1.8151,1926,2088,550,-80
1.8155,1926,2088,550,-80
1.8160,1926,2088,550,-80
1.8164,1926,2088,550,-80
1.8168,1926,2089,550,-80
1.8172,1926,2089,550,-80
1.8176,1926,2089,550,-80
1.8180,1926,2089,550,-80
1.8184,1926,2089,550,-80
1.8188,1926,2089,550,-80
1.8192,1926,2089,550,-80
1.8197,1926,2090,550,-72
1.8201,1911,2090,550,-72
1.8208,1911,2090,550,-80
1.8212,1911,2090,550,-80
1.8217,1911,2090,550,-80
1.8221,1911,2090,550,-80
1.8225,1911,2091,550,-72
1.8229,1911,2091,550,-72
1.8233,1911,2091,550,-72
1.8237,1911,2091,550,-72
1.8241,1911,2091,550,-72
1.8246,1911,2092,450,-72
1.8250,1911,2092,450,-72
1.8255,1911,2092,450,-72
1.8259,1911,2092,450,-72
1.8263,1911,2092,450,-72
1.8267,1911,2092,450,-72
1.8271,1911,2092,450,-72
1.8276,1911,2093,450,-64
1.8280,1911,2093,450,-64
1.8284,1911,2093,450,-64
1.8288,1911,2093,450,-64
1.8292,1911,2093,450,-64
1.8297,1911,2093,450,-72
1.8300,1899,2093,450,-72
1.8307,1899,2094,450,-64
1.8311,1899,2094,450,-64
1.8315,1899,2094,450,-64
1.8319,1899,2094,450,-64
1.8322,1899,2094,450,-64
1.8326,1899,2094,450,-64
1.8330,1899,2094,450,-64
1.8334,1899,2094,450,-64
1.8337,1899,2095,450,-56
1.8341,1899,2095,450,-56
1.8344,1899,2095,450,-56
1.8348,1899,2095,450,-56
1.8352,1899,2095,450,-56
1.8356,1899,2095,450,-64
1.8359,1899,2095,450,-64
1.8363,1899,2095,450,-64
1.8367,1899,2096,450,-56
1.8370,1899,2096,450,-56
1.8374,1899,2096,450,-56
1.8378,1899,2096,450,-56
1.8381,1899,2096,450,-56
1.8385,1899,2096,450,-56
1.8389,1899,2096,450,-56
1.8392,1899,2096,450,-56
1.8397,1899,2097,450,-48
1.8400,1889,2097,450,-48
1.8408,1889,2097,450,-48
1.8412,1889,2097,450,-48
1.8416,1889,2097,450,-48
1.8420,1889,2097,450,-48
1.8424,1889,2098,450,-40
1.8428,1889,2098,450,-40
1.8432,1889,2098,450,-40
1.8437,1889,2098,450,-48
1.8441,1889,2098,450,-48
1.8444,1889,2099,350,-40
1.8448,1889,2099,350,-40
1.8452,1889,2099,350,-40
1.8457,1889,2099,350,-40
1.8460,1889,2099,350,-40
1.8464,1889,2099,350,-40
1.8469,1889,2099,350,-40
1.8473,1889,2099,350,-40
1.8477,1889,2099,350,-40
1.8481,1889,2099,350,-40
1.8484,1889,2099,350,-44
1.8488,1889,2099,350,-44
1.8492,1889,2099,350,-44
1.8497,1889,2100,350,-36
1.8501,1881,2100,350,-36
1.8508,1881,2100,350,-36
1.8512,1881,2100,350,-36
1.8517,1881,2100,350,-36
1.8521,1881,2100,350,-36
1.8525,1881,2100,350,-36
1.8529,1881,2100,350,-36
1.8533,1881,2100,350,-36
1.8537,1881,2101,350,-28
1.8541,1881,2101,350,-28
1.8545,1881,2101,350,-36
1.8549,1881,2101,350,-36
1.8553,1881,2101,350,-36
1.8557,1881,2101,350,-36
1.8562,1881,2101,350,-36
1.8566,1881,2101,350,-36
1.8570,1881,2101,350,-36
1.8573,1881,2102,350,-28
1.8577,1881,2102,350,-28
1.8581,1881,2102,350,-28
1.8584,1881,2102,350,-20
1.8588,1881,2102,350,-20
1.8592,1881,2102,350,-20
1.8597,1881,2102,350,-20
1.8600,1875,2102,350,-20
1.8608,1875,2102,350,-20
1.8611,1875,2102,350,-20
1.8615,1875,2102,350,-20
1.8619,1875,2102,350,-20
1.8623,1875,2103,350,20
1.8627,1875,2103,350,20
1.8630,1875,2103,350,20
1.8634,1875,2103,350,20
1.8637,1875,2103,350,20
1.8641,1875,2103,350,20
1.8645,1875,2103,200,20
1.8649,1875,2103,200,20
1.8652,1875,2103,200,20
1.8657,1875,2103,200,20
1.8660,1875,2103,200,20
1.8664,1875,2103,200,20
1.8667,1875,2103,200,20
1.8671,1875,2103,200,20
1.8675,1875,2103,200,20
1.8679,1875,2103,200,20
1.8682,1875,2103,200,20
1.8687,1875,2103,200,24
1.8691,1875,2103,200,24
1.8695,1875,2104,200,32
1.8698,1875,2104,200,32
1.8702,1873,2104,200,32
1.8710,1873,2104,200,32
1.8715,1873,2104,200,32
1.8718,1873,2104,200,32
1.8722,1873,2104,200,32
1.8727,1873,2104,200,32
1.8730,1873,2104,200,32
1.8734,1873,2104,200,32
1.8738,1873,2104,200,32
1.8741,1873,2104,200,32
1.8745,1873,2104,200,32
1.8749,1873,2104,200,32
1.8752,1873,2104,200,32
1.8757,1873,2104,200,32
1.8761,1873,2104,200,32
1.8765,1873,2104,200,32
1.8768,1873,2104,200,32
1.8772,1873,2104,200,32
1.8776,1873,2104,200,32
1.8779,1873,2104,200,32
1.8783,1873,2104,200,32
1.8787,1873,2104,200,32
1.8791,1873,2104,200,32
1.8794,1873,2104,200,32
1.8798,1873,2104,200,32
1.8802,1873,2104,200,32
1.8809,1873,2104,200,32
1.8813,1873,2104,200,32
1.8817,1873,2104,200,32
1.8820,1873,2104,200,32
1.8824,1873,2104,200,32
1.8827,1873,2104,200,32
1.8831,1873,2104,200,32
1.8836,1873,2104,200,40
1.8839,1873,2104,200,40
1.8843,1873,2104,50,40
1.8847,1873,2104,50,40
1.8850,1873,2104,50,40
1.8854,1873,2104,50,40
1.8857,1873,2104,50,40
1.8861,1873,2104,50,40
1.8865,1873,2104,50,40
1.8868,1873,2104,50,40
1.8872,1873,2104,50,40
1.8876,1873,2104,50,40
1.8879,1873,2104,50,40
1.8883,1873,2104,50,32
1.8887,1873,2104,50,32
1.8890,1873,2104,50,32
1.8894,1873,2104,50,40
1.8898,1873,2104,50,40
1.8901,1875,2104,50,40
1.8909,1875,2104,50,40
1.8913,1875,2104,50,40
1.8917,1875,2104,50,40
1.8921,1875,2104,50,40
1.8925,1875,2104,50,40
1.8928,1875,2104,50,40
1.8932,1875,2104,50,48
1.8937,1875,2104,50,48
1.8940,1875,2104,50,48
1.8944,1875,2104,50,48
1.8948,1875,2104,50,48
1.8952,1875,2104,50,48
1.8957,1875,2104,50,48
1.8961,1875,2104,50,48
1.8965,1875,2104,50,48
1.8969,1875,2104,50,48
1.8973,1875,2104,50,56
1.8977,1875,2104,50,56
1.8981,1875,2104,50,56
1.8985,1875,2104,50,56
1.8989,1875,2104,50,56
1.8993,1875,2104,50,56
1.8997,1875,2104,50,56
1.9001,1881,2104,50,56
1.9008,1881,2104,50,56
1.9012,1881,2104,50,64
1.9017,1881,2104,50,64
1.9021,1881,2104,50,64
1.9025,1881,2104,50,64
1.9029,1881,2104,50,64
1.9033,1881,2104,50,64
1.9037,1881,2104,50,64
1.9041,1881,2104,0,64
1.9045,1881,2104,0,64
1.9050,1881,2104,0,64
1.9053,1881,2104,0,72
1.9057,1881,2104,0,72
1.9061,1881,2104,0,72
1.9065,1881,2104,0,72
1.9069,1881,2104,0,72
1.9073,1881,2104,0,72
1.9077,1881,2104,0,72
1.9081,1881,2104,0,96
1.9085,1881,2104,0,96
1.9089,1881,2104,0,96
1.9093,1881,2104,0,96
1.9097,1881,2104,0,96
1.9101,1889,2104,0,96
1.9109,1889,2104,0,96
1.9113,1889,2104,0,104
1.9117,1889,2104,0,104
1.9121,1889,2104,0,104
1.9125,1889,2104,0,104
1.9129,1889,2104,0,104
1.9133,1889,2104,0,104
1.9137,1889,2104,0,104
1.9141,1889,2104,0,112
1.9144,1889,2104,0,112
1.9148,1889,2104,0,112
1.9152,1889,2104,0,112
1.9157,1889,2104,0,112
1.9161,1889,2104,0,112
1.9164,1889,2104,0,112
1.9168,1889,2104,0,112
1.9172,1889,2103,0,112
1.9177,1889,2103,0,112
1.9181,1889,2103,0,112
1.9185,1889,2103,0,112
1.9189,1889,2103,0,112
1.9192,1889,2103,0,112
1.9197,1889,2103,0,112
1.9201,1899,2103,0,120
1.9208,1899,2103,0,120
1.9212,1899,2102,0,112
1.9217,1899,2102,0,112
1.9221,1899,2102,0,112
1.9225,1899,2102,0,112
1.9229,1899,2102,0,112
1.9233,1899,2102,0,120
1.9237,1899,2102,0,120
1.9241,1899,2102,-100,120
1.9244,1899,2102,-100,120
1.9249,1899,2102,-100,120
1.9253,1899,2101,-100,120
1.9257,1899,2101,-100,120
1.9261,1899,2101,-100,120
1.9265,1899,2101,-100,120
1.9269,1899,2101,-100,120
1.9273,1899,2101,-100,120
1.9277,1899,2101,-100,120
1.9281,1899,2100,-100,108
1.9285,1899,2100,-100,108
1.9289,1899,2100,-100,108
1.9293,1899,2100,-100,116
1.9330,1916,2099,-100,116
1.9337,1916,2099,-100,116
1.9341,1916,2099,-100,116
1.9345,1916,2099,-100,116
1.9349,1916,2099,-100,116
1.9353,1916,2099,-100,124
1.9357,1916,2099,-100,124
1.9361,1916,2098,-100,116
1.9365,1916,2098,-100,116
1.9369,1916,2098,-100,124
1.9373,1916,2098,-100,124
1.9377,1916,2098,-100,124
1.9381,1916,2098,-100,124
1.9385,1916,2098,-100,124
1.9389,1916,2097,-100,124
1.9393,1916,2097,-100,124
1.9397,1916,2097,-100,124
1.9401,1926,2097,-100,124
1.9408,1926,2097,-100,124
1.9412,1926,2097,-100,132
1.9417,1926,2097,-100,132
1.9421,1926,2096,-100,124
1.9424,1926,2096,-100,124
1.9428,1926,2096,-100,124
1.9432,1926,2096,-100,124
1.9437,1926,2096,-100,124
1.9441,1926,2096,-300,132
1.9445,1926,2096,-300,132
1.9448,1926,2096,-300,132
1.9452,1926,2095,-300,124
1.9457,1926,2095,-300,124
1.9461,1926,2095,-300,132
1.9465,1926,2095,-300,132
1.9469,1926,2095,-300,132
1.9473,1926,2095,-300,132
1.9477,1926,2095,-300,132
1.9481,1926,2094,-300,132
1.9484,1926,2094,-300,132
1.9488,1926,2094,-300,132
1.9492,1926,2094,-300,132
1.9497,1926,2094,-300,132
1.9501,1943,2093,-300,132
1.9508,1943,2093,-300,132
1.9512,1943,2093,-300,132
1.9517,1943,2093,-300,132
1.9521,1943,2093,-300,140
1.9525,1943,2093,-300,140
1.9528,1943,2092,-300,140
1.9532,1943,2092,-300,140
1.9537,1943,2092,-300,140
1.9541,1943,2092,-300,140
1.9545,1943,2092,-300,140
1.9549,1943,2091,-300,140
1.9553,1943,2091,-300,140
1.9557,1943,2091,-300,140
1.9560,1943,2091,-300,140
1.9564,1943,2091,-300,140
1.9568,1943,2091,-300,148
1.9572,1943,2091,-300,148
1.9577,1943,2091,-300,148
1.9581,1943,2090,-300,140
1.9585,1943,2090,-300,140
1.9588,1943,2090,-300,148
1.9593,1943,2090,-300,148
1.9597,1943,2090,-300,148
1.9601,1961,2090,-300,148
1.9608,1961,2089,-300,148
1.9612,1961,2089,-300,148
1.9617,1961,2089,-300,148
1.9621,1961,2089,-300,156
1.9624,1961,2089,-300,156
1.9628,1961,2088,-300,148
1.9632,1961,2088,-300,148
1.9637,1961,2088,-300,148
1.9641,1961,2088,-400,156
1.9645,1961,2088,-400,156
1.9649,1961,2087,-400,148
1.9653,1961,2087,-400,148
1.9657,1961,2087,-400,148
1.9661,1961,2087,-400,156
1.9665,1961,2087,-400,156
1.9669,1961,2086,-400,148
1.9673,1961,2086,-400,148
1.9677,1961,2086,-400,148
1.9681,1961,2086,-400,156
1.9685,1961,2086,-400,156
1.9689,1961,2086,-400,164
1.9693,1961,2086,-400,164
1.9697,1961,2086,-400,164
1.9701,1980,2085,-400,156
1.9708,1980,2085,-400,164
1.9712,1980,2085,-400,164
1.9717,1980,2085,-400,164
1.9720,1980,2084,-400,164
1.9724,1980,2084,-400,164
1.9728,1980,2084,-400,164
1.9732,1980,2084,-400,164
1.9737,1980,2084,-400,164
1.9741,1980,2084,-400,172
1.9745,1980,2084,-400,172
1.9749,1980,2083,-400,164
1.9752,1980,2083,-400,164
1.9757,1980,2083,-400,164
1.9761,1980,2083,-400,172
1.9765,1980,2083,-400,172
1.9768,1980,2082,-400,172
1.9772,1980,2082,-400,172
1.9777,1980,2082,-400,172
1.9781,1980,2082,-400,172
1.9785,1980,2082,-400,172
1.9789,1980,2081,-400,172
1.9792,1980,2081,-400,172
1.9797,1980,2081,-400,172
1.9800,2001,2081,-400,180
1.9807,2001,2080,-400,172
1.9811,2001,2080,-400,172
1.9815,2001,2080,-400,172
1.9819,2001,2080,-400,180
1.9823,2001,2080,-400,180
1.9827,2001,2080,-400,180
1.9830,2001,2079,-400,180
1.9834,2001,2079,-400,180
1.9838,2001,2079,-450,180
1.9841,2001,2079,-450,180
1.9845,2001,2079,-450,180
1.9848,2001,2078,-450,180
1.9852,2001,2078,-450,180
1.9855,2001,2078,-450,180
1.9859,2001,2077,-450,180
1.9863,2001,2077,-450,180
1.9866,2001,2077,-450,180
1.9870,2001,2077,-450,188
1.9873,2001,2077,-450,188
1.9877,2001,2077,-450,192
1.9881,2001,2077,-450,192
1.9884,2001,2077,-450,192
1.9888,2001,2076,-450,192
1.9891,2001,2076,-450,192
1.9895,2001,2076,-450,192
1.9898,2001,2075,-450,192
1.9902,2022,2075,-450,192
1.9908,2022,2075,-450,192
1.9912,2022,2075,-450,192
1.9915,2022,2075,-450,192
1.9919,2022,2074,-450,192
1.9922,2022,2074,-450,192
1.9926,2022,2074,-450,192
1.9930,2022,2074,-450,200
1.9934,2022,2074,-450,200
1.9937,2022,2073,-450,200
1.9941,2022,2073,-450,200
1.9944,2022,2073,-450,200
1.9948,2022,2073,-450,200
1.9951,2022,2073,-450,200
1.9955,2022,2073,-450,200
1.9958,2022,2072,-450,200
1.9962,2022,2072,-450,200
1.9965,2022,2072,-450,200
1.9969,2022,2072,-450,208
1.9973,2022,2072,-450,208
1.9976,2022,2071,-450,200
1.9980,2022,2071,-450,200
1.9984,2022,2071,-450,200
1.9987,2022,2070,-450,200
1.9991,2022,2070,-450,200
1.9995,2022,2070,-450,200
1.9998,2022,2070,-450,208
2.0002,2043,2070,-450,208
2.0008,2043,2069,-450,200
2.0012,2043,2069,-450,200
2.0015,2043,2069,-450,200
2.0019,2043,2069,-450,208
2.0023,2043,2069,-450,208
2.0026,2043,2068,-450,208
2.0030,2043,2068,-450,208
2.0034,2043,2068,-450,208
2.0037,2043,2067,-600,200
2.0041,2043,2067,-600,200
2.0044,2043,2067,-600,200
2.0048,2043,2067,-600,208
2.0052,2043,2067,-600,208
2.0056,2043,2067,-600,208
2.0059,2043,2066,-600,208
2.0063,2043,2066,-600,208
2.0066,2043,2066,-600,208
2.0070,2043,2066,-600,208
2.0073,2043,2066,-600,208
2.0077,2043,2065,-600,200
2.0081,2043,2065,-600,200
2.0085,2043,2065,-600,200
2.0088,2043,2064,-600,192
2.0092,2043,2064,-600,192
2.0095,2043,2064,-600,192
2.0099,2043,2064,-600,200
2.0103,2065,2063,-600,200
2.0110,2065,2063,-600,200
2.0113,2065,2063,-600,200
2.0117,2065,2063,-600,200
2.0121,2065,2063,-600,200
2.0124,2065,2063,-600,200
2.0128,2065,2062,-600,200
2.0131,2065,2062,-600,200
2.0135,2065,2062,-600,200
2.0139,2065,2061,-600,200
2.0142,2065,2061,-600,200
2.0146,2065,2061,-600,200
2.0150,2065,2061,-600,200
2.0153,2065,2061,-600,200
2.0157,2065,2060,-600,200
2.0160,2065,2060,-600,200
2.0164,2065,2060,-600,200
2.0168,2065,2059,-600,192
2.0172,2065,2059,-600,192
2.0175,2065,2058,-600,192
2.0179,2065,2058,-600,192
2.0183,2065,2058,-600,192
2.0186,2065,2058,-600,200
2.0190,2065,2058,-600,200
2.0194,2065,2058,-600,200
2.0197,2065,2057,-600,192
2.0201,2086,2057,-600,192
2.0208,2086,2056,-600,192
2.0211,2086,2056,-600,192
2.0215,2086,2056,-600,192
2.0218,2086,2056,-600,192
2.0222,2086,2056,-600,192
2.0226,2086,2055,-600,192
2.0230,2086,2055,-600,192
2.0234,2086,2055,-600,192
2.0238,2086,2054,-650,184
2.0242,2086,2054,-650,184
2.0245,2086,2054,-650,192
2.0249,2086,2054,-650,192
2.0253,2086,2054,-650,192
2.0257,2086,2053,-650,184
2.0260,2086,2053,-650,184
2.0264,2086,2053,-650,184
2.0268,2086,2053,-650,192
2.0271,2086,2053,-650,192
2.0275,2086,2053,-650,192
2.0279,2086,2052,-650,180
2.0282,2086,2052,-650,180
2.0287,2086,2051,-650,172
2.0290,2086,2051,-650,172
2.0294,2086,2051,-650,172
2.0298,2086,2050,-650,172
2.0302,2106,2050,-650,172
2.0308,2106,2050,-650,172
2.0312,2106,2050,-650,172
2.0317,2106,2049,-650,172
2.0320,2106,2049,-650,172
2.0324,2106,2049,-650,172
2.0328,2106,2049,-650,172
2.0332,2106,2049,-650,172
2.0335,2106,2048,-650,172
2.0339,2106,2048,-650,172
2.0343,2106,2048,-650,172
2.0347,2106,2047,-650,164
2.0351,2106,2047,-650,164
2.0354,2106,2047,-650,164
2.0358,2106,2046,-650,164
2.0362,2106,2046,-650,164
2.0367,2106,2046,-650,164
2.0370,2106,2046,-650,164
2.0374,2106,2046,-650,164
2.0378,2106,2045,-650,164
2.0382,2106,2045,-650,164
2.0386,2106,2044,-650,156
2.0389,2106,2044,-650,156
2.0393,2106,2044,-650,156
2.0397,2106,2043,-650,156
2.0401,2125,2043,-650,156
2.0408,2125,2043,-650,156
2.0412,2125,2043,-650,156
2.0415,2125,2043,-650,156
2.0419,2125,2043,-650,156
2.0423,2125,2043,-650,156
2.0427,2125,2042,-650,156
2.0431,2125,2042,-650,156
2.0434,2125,2041,-650,148
2.0438,2125,2041,-650,148
2.0442,2125,2041,-650,148
2.0446,2125,2040,-650,148
2.0449,2125,2040,-650,148
2.0453,2125,2040,-650,148
2.0457,2125,2040,-650,148
2.0461,2125,2040,-650,148
2.0465,2125,2039,-650,148
2.0468,2125,2039,-650,148
2.0472,2125,2039,-650,148
2.0477,2125,2038,-650,124
2.0480,2125,2038,-650,124
2.0484,2125,2038,-650,132
2.0488,2125,2038,-650,132
2.0492,2125,2038,-650,132
2.0495,2125,2037,-650,124
2.0500,2125,2037,-650,124
2.0504,2144,2036,-650,116
2.0511,2144,2036,-650,116
2.0515,2144,2036,-650,124
2.0520,2144,2036,-650,124
2.0523,2144,2036,-650,124
2.0527,2144,2035,-650,116
2.0531,2144,2035,-650,116
2.0535,2144,2035,-650,124
2.0539,2144,2035,-650,124
2.0542,2144,2035,-650,124
2.0547,2144,2034,-650,116
2.0550,2144,2034,-650,116
2.0554,2144,2034,-650,116
2.0558,2144,2034,-650,116
2.0562,2144,2034,-650,116
2.0566,2144,2033,-650,116
2.0570,2144,2033,-650,116
2.0573,2144,2033,-650,116
2.0577,2144,2033,-650,116
2.0581,2144,2033,-650,116
2.0585,2144,2032,-650,116
2.0589,2144,2032,-650,116
2.0593,2144,2032,-650,116
2.0597,2144,2031,-650,108
2.0601,2160,2031,-650,108
2.0609,2160,2031,-650,108
2.0613,2160,2031,-650,108
2.0617,2160,2030,-650,108
2.0621,2160,2030,-650,108
2.0624,2160,2030,-650,108
2.0628,2160,2030,-650,108
2.0632,2160,2030,-650,108
2.0636,2160,2029,-600,100
2.0640,2160,2029,-600,100
2.0644,2160,2028,-600,100
2.0648,2160,2028,-600,100
2.0652,2160,2028,-600,100
2.0657,2160,2028,-600,100
2.0661,2160,2028,-600,100
2.0665,2160,2028,-600,100
2.0669,2160,2028,-600,100
2.0672,2160,2028,-600,100
2.0677,2160,2027,-600,108
2.0681,2160,2027,-600,108
2.0685,2160,2027,-600,108
2.0689,2160,2027,-600,108
2.0693,2160,2026,-600,100
2.0697,2160,2026,-600,100
2.0702,2175,2026,-600,108
2.0709,2175,2026,-600,108
2.0713,2175,2025,-600,100
2.0717,2175,2025,-600,100
2.0722,2175,2025,-600,100
2.0726,2175,2025,-600,100
2.0730,2175,2025,-600,100
2.0733,2175,2024,-600,100
2.0737,2175,2024,-600,100
2.0741,2175,2024,-600,100
2.0745,2175,2024,-600,100
2.0749,2175,2024,-600,100
2.0753,2175,2023,-600,92
2.0757,2175,2023,-600,92
2.0762,2175,2023,-600,92
2.0765,2175,2023,-600,100
2.0769,2175,2023,-600,100
2.0773,2175,2022,-600,92
2.0777,2175,2022,-600,92
2.0781,2175,2022,-600,92
2.0785,2175,2022,-600,92
2.0789,2175,2022,-600,92
2.0792,2175,2022,-600,92
2.0796,2175,2021,-600,84
2.0800,2187,2021,-600,92
2.0807,2187,2021,-600,92
2.0811,2187,2021,-600,92
2.0815,2187,2021,-600,92
2.0819,2187,2021,-600,92
2.0823,2187,2020,-600,84
2.0827,2187,2020,-600,84
2.0830,2187,2020,-600,84
2.0834,2187,2020,-450,84
2.0838,2187,2020,-450,84
2.0842,2187,2020,-450,84
2.0845,2187,2019,-450,84
2.0849,2187,2019,-450,84
2.0852,2187,2019,-450,84
2.0857,2187,2019,-450,84
2.0861,2187,2019,-450,84
2.0864,2187,2019,-450,84
2.0868,2187,2019,-450,84
2.0871,2187,2019,-450,84
2.0875,2187,2018,-450,72
2.0879,2187,2018,-450,72
2.0883,2187,2017,-450,72
2.0887,2187,2017,-450,72
2.0890,2187,2017,-450,72
2.0894,2187,2017,-450,72
2.0899,2187,2017,-450,72
2.0903,2198,2017,-450,72
2.0911,2198,2017,-450,72
2.0914,2198,2016,-450,64
2.0918,2198,2016,-450,64
2.0922,2198,2016,-450,64
2.0925,2198,2016,-450,72
2.0929,2198,2016,-450,72
2.0933,2198,2015,-450,64
2.0936,2198,2015,-450,64
2.0940,2198,2015,-450,64
2.0944,2198,2015,-450,64
2.0947,2198,2015,-450,64
2.0951,2198,2015,-450,64
2.0954,2198,2015,-450,64
2.0958,2198,2015,-450,64
2.0962,2198,2014,-450,56
2.0965,2198,2014,-450,56
2.0969,2198,2014,-450,56
2.0972,2198,2014,-450,64
2.0977,2198,2014,-450,64
2.0980,2198,2014,-450,64
2.0984,2198,2014,-450,64
2.0988,2198,2014,-450,64
2.0991,2198,2014,-450,64
2.0995,2198,2013,-450,56
2.0999,2198,2013,-450,56
2.1003,2206,2013,-450,56
2.1010,2206,2013,-450,56
2.1014,2206,2013,-450,56
2.1018,2206,2013,-450,56
2.1021,2206,2013,-450,56
2.1025,2206,2013,-450,56
2.1029,2206,2013,-450,56
2.1033,2206,2012,-400,56
2.1037,2206,2012,-400,56
2.1041,2206,2012,-400,56
2.1044,2206,2012,-400,56
2.1048,2206,2012,-400,56
2.1052,2206,2012,-400,56
2.1057,2206,2012,-400,56
2.1061,2206,2012,-400,56
2.1064,2206,2011,-400,48
2.1068,2206,2011,-400,48
2.1072,2206,2011,-400,52
2.1075,2206,2011,-400,52
2.1079,2206,2011,-400,52
2.1083,2206,2011,-400,52
2.1087,2206,2011,-400,52
2.1090,2206,2011,-400,52
2.1094,2206,2010,-400,44
2.1098,2206,2010,-400,44
2.1101,2211,2010,-400,44
2.1108,2211,2010,-400,44
2.1111,2211,2010,-400,52
2.1115,2211,2010,-400,52
2.1118,2211,2010,-400,52
2.1122,2211,2009,-400,44
2.1125,2211,2009,-400,44
2.1129,2211,2009,-400,44
2.1133,2211,2009,-400,44
2.1136,2211,2009,-400,44
2.1140,2211,2009,-400,44
2.1143,2211,2009,-400,44
2.1148,2211,2009,-400,44
2.1151,2211,2009,-400,44
2.1155,2211,2009,-400,44
2.1158,2211,2009,-400,44
2.1162,2211,2008,-400,36
2.1166,2211,2008,-400,36
2.1170,2211,2008,-400,36
2.1174,2211,2008,-400,36
2.1178,2211,2008,-400,36
2.1181,2211,2008,-400,36
2.1185,2211,2008,-400,36
2.1188,2211,2008,-400,36
2.1194,2211,2008,-400,36
2.1198,2211,2008,-400,36
2.1201,2213,2008,-400,36
2.1208,2213,2008,-400,36
2.1212,2213,2007,-400,28
2.1215,2213,2007,-400,28
2.1219,2213,2007,-400,28
2.1223,2213,2007,-400,36
2.1226,2213,2007,-400,36
2.1230,2213,2007,-400,36
2.1233,2213,2007,-250,36
2.1237,2213,2007,-250,36
2.1241,2213,2007,-250,36
2.1244,2213,2007,-250,36
2.1248,2213,2007,-250,36
2.1251,2213,2007,-250,36
2.1255,2213,2007,-250,36
2.1258,2213,2007,-250,36
2.1262,2213,2006,-250,20
2.1267,2213,2006,-250,20
2.1270,2213,2006,-250,0
2.1274,2213,2006,-250,0
2.1278,2213,2006,-250,0
2.1281,2213,2006,-250,0
2.1285,2213,2006,-250,0
2.1289,2213,2006,-250,0
2.1293,2213,2006,-250,0
2.1298,2213,2006,-250,0
2.1302,2213,2006,-250,0
2.1309,2213,2006,-250,0
2.1313,2213,2006,-250,0
2.1316,2213,2006,-250,0
2.1320,2213,2005,-250,-24
2.1324,2213,2005,-250,-24
2.1328,2213,2005,-250,-24
2.1331,2213,2005,-250,-24
2.1335,2213,2005,-250,-24
2.1339,2213,2005,-250,-24
2.1343,2213,2005,-250,-24
2.1347,2213,2005,-250,-24
2.1351,2213,2005,-250,-24
2.1355,2213,2005,-250,-24
2.1359,2213,2005,-250,-24
2.1363,2213,2005,-250,-24
2.1367,2213,2005,-250,-24
2.1371,2213,2005,-250,-24
2.1375,2213,2005,-250,-24
2.1379,2213,2005,-250,-24
2.1383,2213,2004,-250,-32
2.1387,2213,2004,-250,-32
2.1391,2213,2004,-250,-32
2.1395,2213,2004,-250,-32
2.1399,2213,2004,-250,-32
2.1403,2211,2004,-250,-32
2.1411,2211,2004,-250,-32
2.1415,2211,2004,-250,-32
2.1419,2211,2004,-250,-32
2.1423,2211,2004,-250,-32
2.1427,2211,2004,-250,-32
2.1431,2211,2004,-150,-32
2.1434,2211,2004,-150,-32
2.1438,2211,2004,-150,-32
2.1442,2211,2004,-150,-32
2.1447,2211,2004,-150,-32
2.1451,2211,2004,-150,-32
2.1454,2211,2004,-150,-32
2.1458,2211,2004,-150,-32
2.1462,2211,2004,-150,-32
2.1467,2211,2004,-150,-32
2.1470,2211,2004,-150,-24
2.1474,2211,2004,-150,-24
2.1478,2211,2004,-150,-24
2.1482,2211,2004,-150,-24
2.1487,2211,2004,-150,-24
2.1491,2211,2004,-150,-24
2.1495,2211,2004,-150,-24
2.1499,2211,2004,-150,-24
2.1502,2205,2004,-150,-24
2.1510,2205,2004,-150,-32
2.1515,2205,2004,-150,-32
2.1519,2205,2004,-150,-32
2.1523,2205,2004,-150,-32
2.1527,2205,2004,-150,-32
2.1531,2205,2004,-150,-32
2.1535,2205,2004,-150,-32
2.1539,2205,2004,-150,-32
2.1543,2205,2004,-150,-32
2.1547,2205,2004,-150,-32
2.1551,2205,2004,-150,-32
2.1555,2205,2004,-150,-32
2.1559,2205,2004,-150,-32
2.1562,2205,2004,-150,-32
2.1567,2205,2004,-150,-32
2.1571,2205,2004,-150,-40
2.1575,2205,2004,-150,-40
2.1579,2205,2004,-150,-40
2.1583,2205,2004,-150,-40
2.1587,2205,2004,-150,-40
2.1591,2205,2004,-150,-40
2.1595,2205,2004,-150,-40
2.1599,2205,2004,-150,-40
2.1603,2197,2004,-150,-40
2.1611,2197,2004,-150,-48
2.1615,2197,2004,-150,-48
2.1619,2197,2004,-150,-48
2.1623,2197,2004,-150,-48
2.1627,2197,2004,-150,-48
2.1631,2197,2004,0,-48
2.1636,2197,2004,0,-48
2.1639,2197,2004,0,-48
2.1643,2197,2004,0,-48
2.1647,2197,2004,0,-48
2.1651,2197,2004,0,-56
2.1655,2197,2004,0,-56
2.1660,2197,2004,0,-56
2.1664,2197,2004,0,-56
2.1668,2197,2004,0,-64
2.1672,2197,2004,0,-64
2.1677,2197,2004,0,-64
2.1681,2197,2004,0,-64
2.1685,2197,2004,0,-64
2.1689,2197,2004,0,-72
2.1693,2197,2004,0,-72
2.1697,2197,2004,0,-72
2.1701,2187,2004,0,-72
2.1708,2187,2004,0,-72
2.1712,2187,2004,0,-72
2.1717,2187,2004,0,-72
2.1721,2187,2004,0,-72
2.1725,2187,2004,0,-72
2.1729,2187,2004,0,-80
2.1733,2187,2004,0,-80
2.1737,2187,2004,0,-80
2.1741,2187,2004,0,-80
2.1745,2187,2004,0,-80
2.1749,2187,2004,0,-80
2.1753,2187,2004,0,-80
2.1757,2187,2004,0,-80
2.1761,2187,2004,0,-88
2.1764,2187,2004,0,-88
2.1768,2187,2004,0,-88
2.1772,2187,2004,0,-88
2.1777,2187,2004,0,-88
2.1780,2187,2004,0,-88
2.1785,2187,2004,0,-88
2.1788,2187,2004,0,-96
2.1792,2187,2004,0,-96
2.1797,2187,2004,0,-96
2.1801,2174,2004,0,-96
2.1808,2174,2005,0,-88
2.1812,2174,2005,0,-88
2.1817,2174,2005,0,-88
2.1821,2174,2005,0,-96
2.1824,2174,2005,0,-96
2.1828,2174,2005,50,-96
2.1832,2174,2005,50,-96
2.1837,2174,2005,50,-96
2.1841,2174,2005,50,-96
2.1845,2174,2005,50,-96
2.1848,2174,2005,50,-104
2.1853,2174,2005,50,-104
2.1856,2174,2005,50,-104
2.1860,2174,2006,50,-96
2.1864,2174,2006,50,-96
2.1867,2174,2006,50,-96
2.1871,2174,2006,50,-96
2.1875,2174,2006,50,-96
2.1878,2174,2006,50,-104
2.1882,2174,2006,50,-104
2.1885,2174,2006,50,-104
2.1889,2174,2006,50,-104
2.1893,2174,2006,50,-104
2.1896,2174,2006,50,-104
2.1900,2160,2006,50,-104
2.1907,2160,2006,50,-104
2.1910,2160,2006,50,-112
2.1914,2160,2006,50,-112
2.1917,2160,2007,50,-104
2.1921,2160,2007,50,-104
2.1925,2160,2007,50,-104
2.1929,2160,2007,50,-112
2.1933,2160,2007,50,-112
2.1937,2160,2007,50,-112
2.1941,2160,2007,50,-112
2.1945,2160,2007,50,-112
2.1949,2160,2007,50,-112
2.1953,2160,2007,50,-112
2.1957,2160,2007,50,-112
2.1961,2160,2008,50,-112
2.1964,2160,2008,50,-112
2.1968,2160,2008,50,-112
2.1972,2160,2008,50,-112
2.1977,2160,2008,50,-112
2.1980,2160,2008,50,-120
2.1984,2160,2008,50,-120
2.1988,2160,2009,50,-112
2.1992,2160,2009,50,-112
2.1996,2160,2009,50,-112
2.1999,2160,2009,50,-112
2.2003,2143,2009,50,-112
2.2010,2143,2009,50,-120
2.2014,2143,2009,50,-120
2.2018,2143,2009,50,-120
2.2022,2143,2009,50,-120
2.2027,2143,2010,250,-120
2.2031,2143,2010,250,-120
2.2034,2143,2010,250,-120
2.2038,2143,2010,250,-120
2.2042,2143,2010,250,-120
2.2047,2143,2010,250,-128
2.2051,2143,2010,250,-128
2.2054,2143,2010,250,-128
2.2058,2143,2011,250,-120
2.2062,2143,2011,250,-120
2.2067,2143,2011,250,-128
2.2071,2143,2011,250,-128
2.2075,2143,2011,250,-128
2.2079,2143,2011,250,-128
2.2083,2143,2011,250,-128
2.2087,2143,2011,250,-136
2.2091,2143,2011,250,-136
2.2095,2143,2011,250,-136
2.2099,2143,2012,250,-128
2.2103,2125,2012,250,-128
2.2111,2125,2012,250,-128
2.2114,2125,2012,250,-128
2.2118,2125,2012,250,-136
2.2122,2125,2012,250,-136
2.2127,2125,2013,250,-128
2.2131,2125,2013,250,-128
2.2135,2125,2013,250,-128
2.2139,2125,2013,250,-136
2.2143,2125,2013,250,-136
2.2147,2125,2013,250,-136
2.2150,2125,2013,250,-136
2.2154,2125,2013,250,-136
2.2158,2125,2014,250,-136
2.2162,2125,2014,250,-136
2.2167,2125,2014,250,-136
2.2171,2125,2014,250,-136
2.2175,2125,2014,250,-136
2.2179,2125,2014,250,-144
2.2182,2125,2014,250,-144
2.2187,2125,2015,250,-136
2.2191,2125,2015,250,-136
2.2195,2125,2015,250,-136
2.2199,2125,2015,250,-144
2.2203,2105,2015,250,-152
2.2211,2105,2015,250,-152
2.2214,2105,2015,250,-152
2.2218,2105,2016,250,-144
2.2222,2105,2016,250,-144
2.2227,2105,2016,300,-152
2.2231,2105,2016,300,-152
2.2235,2105,2016,300,-152
2.2239,2105,2017,300,-144
2.2243,2105,2017,300,-144
2.2247,2105,2017,300,-152
2.2251,2105,2017,300,-152
2.2255,2105,2017,300,-152
2.2259,2105,2018,300,-144
2.2263,2105,2018,300,-144
2.2267,2105,2018,300,-148
2.2271,2105,2018,300,-148
2.2275,2105,2018,300,-148
2.2279,2105,2018,300,-148
2.2283,2105,2018,300,-148
2.2287,2105,2019,300,-148
2.2292,2105,2019,300,-148
2.2296,2105,2019,300,-156
2.2300,2085,2019,300,-156
2.2308,2085,2020,300,-148
2.2312,2085,2020,300,-148
2.2316,2085,2020,300,-156
2.2320,2085,2020,300,-156
2.2324,2085,2020,300,-156
2.2328,2085,2020,300,-156
2.2332,2085,2020,300,-156
2.2336,2085,2021,300,-156
2.2340,2085,2021,300,-156
2.2344,2085,2021,300,-156
2.2348,2085,2021,300,-156
2.2352,2085,2021,300,-156
2.2355,2085,2021,300,-164
2.2359,2085,2021,300,-164
2.2363,2085,2021,300,-164
2.2367,2085,2022,300,-164
2.2371,2085,2022,300,-164
2.2375,2085,2022,300,-164
2.2378,2085,2022,300,-164
2.2383,2085,2022,300,-164
2.2387,2085,2023,300,-164
2.2391,2085,2023,300,-164
2.2395,2085,2023,300,-172
2.2399,2085,2023,300,-172
2.2403,2064,2024,300,-164
2.2410,2064,2024,300,-164
2.2414,2064,2024,300,-164
2.2419,2064,2024,300,-172
2.2423,2064,2024,300,-172
2.2427,2064,2025,450,-164
2.2431,2064,2025,450,-164
2.2435,2064,2025,450,-172
2.2439,2064,2025,450,-172
2.2444,2064,2025,450,-172
2.2448,2064,2026,450,-172
2.2451,2064,2026,450,-172
2.2456,2064,2026,450,-172
2.2460,2064,2026,450,-172
2.2464,2064,2026,450,-172
2.2468,2064,2027,450,-172
2.2472,2064,2027,450,-172
2.2476,2064,2027,450,-172
2.2480,2064,2027,450,-172
2.2484,2064,2027,450,-172
2.2488,2064,2028,450,-172
2.2492,2064,2028,450,-172
2.2495,2064,2028,450,-180
2.2499,2064,2028,450,-180
2.2503,2042,2029,450,-172
2.2511,2042,2029,450,-172
2.2515,2042,2029,450,-180
2.2518,2042,2029,450,-180
2.2522,2042,2029,450,-180
2.2527,2042,2030,450,-172
2.2531,2042,2030,450,-172
2.2535,2042,2030,450,-180
2.2539,2042,2030,450,-180
2.2543,2042,2030,450,-180
2.2547,2042,2031,450,-172
2.2551,2042,2031,450,-172
2.2556,2042,2032,450,-172
2.2560,2042,2032,450,-172
2.2563,2042,2032,450,-172
2.2567,2042,2032,450,-180
2.2571,2042,2032,450,-180
2.2575,2042,2032,450,-180
2.2579,2042,2032,450,-180
2.2582,2042,2032,450,-180
2.2587,2042,2033,450,-180
2.2591,2042,2033,450,-180
2.2595,2042,2033,450,-180
2.2599,2042,2033,450,-180
2.2602,2021,2034,450,-180
2.2610,2021,2034,450,-180
2.2615,2021,2035,450,-172
2.2618,2021,2035,450,-172
2.2622,2021,2035,450,-172
2.2627,2021,2035,500,-180
2.2630,2021,2035,500,-180
2.2635,2021,2036,500,-172
2.2639,2021,2036,500,-172
2.2642,2021,2036,500,-172
2.2647,2021,2037,500,-172
2.2650,2021,2037,500,-172
2.2654,2021,2037,500,-172
2.2658,2021,2037,500,-172
2.2661,2021,2037,500,-172
2.2665,2021,2038,500,-160
2.2669,2021,2038,500,-160
2.2673,2021,2038,500,-160
2.2677,2021,2038,500,-160
2.2681,2021,2038,500,-160
2.2685,2021,2039,500,-160
2.2688,2021,2039,500,-160
2.2692,2021,2039,500,-160
2.2695,2021,2040,500,-152
2.2699,2021,2040,500,-152
2.2703,2000,2040,500,-160
2.2710,2000,2040,500,-160
2.2714,2000,2041,500,-152
2.2718,2000,2041,500,-152
2.2721,2000,2041,500,-152
2.2725,2000,2041,500,-160
2.2729,2000,2041,500,-160
2.2733,2000,2041,500,-160
2.2736,2000,2042,500,-152
2.2740,2000,2042,500,-152
2.2744,2000,2042,500,-160
2.2748,2000,2042,500,-160
2.2752,2000,2042,500,-160
2.2756,2000,2043,500,-152
2.2759,2000,2043,500,-152
2.2763,2000,2043,500,-160
2.2767,2000,2043,500,-160
2.2770,2000,2043,500,-160
2.2774,2000,2044,500,-152
2.2777,2000,2044,500,-152
2.2781,2000,2044,500,-152
2.2785,2000,2044,500,-152
2.2788,2000,2044,500,-152
2.2792,2000,2044,500,-152
2.2796,2000,2045,500,-152
2.2800,1980,2046,500,-144
2.2808,1980,2046,500,-144
2.2812,1980,2046,500,-144
2.2815,1980,2046,500,-152
2.2819,1980,2046,500,-152
2.2823,1980,2046,500,-152
2.2827,1980,2047,600,-144
2.2830,1980,2047,600,-144
2.2834,1980,2048,600,-144
2.2837,1980,2048,600,-144
2.2841,1980,2048,600,-144
2.2845,1980,2048,600,-144
2.2849,1980,2048,600,-144
2.2852,1980,2048,600,-144
2.2857,1980,2048,600,-144
2.2860,1980,2048,600,-144
2.2864,1980,2049,600,-136
2.2868,1980,2049,600,-136
2.2871,1980,2049,600,-136
2.2875,1980,2050,600,-128
2.2879,1980,2050,600,-128
2.2883,1980,2050,600,-136
2.2887,1980,2050,600,-136
2.2890,1980,2050,600,-136
2.2894,1980,2051,600,-128
2.2897,1980,2051,600,-128
2.2901,1961,2051,600,-128
2.2908,1961,2051,600,-128
2.2911,1961,2051,600,-128
2.2915,1961,2052,600,-128
2.2918,1961,2052,600,-128
2.2922,1961,2052,600,-128
2.2925,1961,2053,600,-120
2.2929,1961,2053,600,-120
2.2932,1961,2053,600,-120
2.2936,1961,2053,600,-120
2.2940,1961,2053,600,-120
2.2944,1961,2054,600,-120
2.2947,1961,2054,600,-120
2.2951,1961,2054,600,-120
2.2954,1961,2054,600,-120
2.2958,1961,2054,600,-120
2.2961,1961,2054,600,-120
2.2965,1961,2054,600,-120
2.2968,1961,2054,600,-120
2.2972,1961,2055,600,-120
2.2976,1961,2055,600,-120
2.2980,1961,2055,600,-120
2.2983,1961,2056,600,-112
2.2987,1961,2056,600,-112
2.2990,1961,2056,600,-112
2.2994,1961,2056,600,-120
2.2997,1961,2056,600,-120
2.3001,1943,2057,600,-112
2.3008,1943,2057,600,-112
2.3011,1943,2057,600,-112
2.3015,1943,2057,600,-112
2.3019,1943,2057,600,-112
2.3023,1943,2058,550,-104
2.3026,1943,2058,550,-104
2.3030,1943,2058,550,-104
2.3034,1943,2059,550,-104
2.3037,1943,2059,550,-104
2.3041,1943,2059,550,-104
2.3044,1943,2059,550,-104
2.3048,1943,2059,550,-104
2.3053,1943,2060,550,-96
2.3057,1943,2060,550,-96
2.3061,1943,2060,550,-96
2.3064,1943,2060,550,-96
2.3068,1943,2060,550,-96
2.3071,1943,2060,550,-96
2.3075,1943,2060,550,-96
2.3079,1943,2060,550,-96
2.3083,1943,2061,550,-88
2.3087,1943,2061,550,-88
2.3090,1943,2061,550,-88
2.3095,1943,2062,550,-88
2.3098,1943,2062,550,-88
2.3102,1926,2062,550,-88
2.3109,1926,2062,550,-88
2.3113,1926,2063,550,-80
2.3116,1926,2063,550,-80
2.3121,1926,2063,550,-80
2.3125,1926,2063,550,-80
2.3128,1926,2063,550,-80
2.3132,1926,2063,550,-88
2.3136,1926,2063,550,-88
2.3140,1926,2063,550,-88
2.3144,1926,2064,550,-80
2.3147,1926,2064,550,-80
2.3151,1926,2064,550,-80
2.3155,1926,2064,550,-80
2.3159,1926,2064,550,-80
2.3162,1926,2064,550,-80
2.3167,1926,2064,550,-80
2.3170,1926,2064,550,-80
2.3174,1926,2065,550,-80
2.3178,1926,2065,550,-80
2.3181,1926,2065,550,-80
2.3185,1926,2065,550,-80
2.3189,1926,2065,550,-80
2.3193,1926,2066,550,-72
2.3197,1926,2066,550,-72
2.3201,1911,2066,550,-72
2.3208,1911,2066,550,-72
2.3212,1911,2066,550,-80
2.3216,1911,2066,550,-80
2.3220,1911,2066,550,-80
2.3224,1911,2067,450,-72
2.3228,1911,2067,450,-72
2.3231,1911,2067,450,-72
2.3235,1911,2067,450,-72
2.3239,1911,2067,450,-72
2.3242,1911,2068,450,-64
2.3246,1911,2068,450,-64
2.3250,1911,2068,450,-64
2.3254,1911,2068,450,-64
2.3257,1911,2068,450,-64
2.3261,1911,2068,450,-76
2.3264,1911,2068,450,-76
2.3268,1911,2068,450,-76
2.3272,1911,2069,450,-68
2.3275,1911,2069,450,-68
2.3279,1911,2069,450,-68
2.3283,1911,2069,450,-68
2.3286,1911,2069,450,-68
2.3291,1911,2069,450,-68
2.3295,1911,2069,450,-68
2.3298,1911,2069,450,-68
2.3302,1899,2070,450,-60
2.3308,1899,2070,450,-60
2.3312,1899,2070,450,-68
2.3316,1899,2070,450,-68
2.3319,1899,2070,450,-68
2.3323,1899,2070,450,-68
2.3327,1899,2070,450,-68
2.3330,1899,2070,450,-68
2.3334,1899,2070,450,-68
2.3338,1899,2070,450,-68
2.3341,1899,2071,450,-60
2.3345,1899,2071,450,-60
2.3349,1899,2071,450,-60
2.3353,1899,2071,450,-60
2.3356,1899,2071,450,-60
2.3360,1899,2071,450,-60
2.3364,1899,2071,450,-60
2.3367,1899,2071,450,-60
2.3371,1899,2072,450,-60
2.3375,1899,2072,450,-60
2.3378,1899,2072,450,-60
2.3382,1899,2072,450,-60
2.3387,1899,2072,450,-60
2.3390,1899,2072,450,-60
2.3394,1899,2072,450,-60
2.3398,1899,2072,450,-60
2.3401,1888,2073,450,-52
2.3408,1888,2073,450,-52
2.3412,1888,2073,450,-52
2.3415,1888,2073,450,-52
2.3419,1888,2073,450,-52
2.3422,1888,2073,300,-52
2.3426,1888,2073,300,-52
2.3430,1888,2074,300,-44
2.3434,1888,2074,300,-44
2.3438,1888,2074,300,-44
2.3441,1888,2074,300,-44
2.3445,1888,2074,300,-44
2.3449,1888,2074,300,-44
2.3453,1888,2074,300,-52
2.3457,1888,2074,300,-52
2.3461,1888,2075,300,-40
2.3465,1888,2075,300,-40
2.3468,1888,2075,300,-40
2.3472,1888,2075,300,-40
2.3477,1888,2075,300,-40
2.3480,1888,2075,300,-40
2.3484,1888,2075,300,-40
2.3488,1888,2075,300,-40
2.3492,1888,2075,300,-40
2.3496,1888,2075,300,-40
2.3500,1881,2076,300,-32
2.3508,1881,2076,300,-32
2.3512,1881,2076,300,-32
2.3515,1881,2076,300,-32
2.3519,1881,2076,300,-32
2.3523,1881,2076,300,-32
2.3527,1881,2076,300,-32
2.3531,1881,2076,300,-32
2.3535,1881,2076,300,-32
2.3538,1881,2076,300,-32
2.3542,1881,2076,300,-32
2.3547,1881,2076,300,-32
2.3550,1881,2077,300,-24
2.3554,1881,2077,300,-24
2.3558,1881,2077,300,-24
2.3561,1881,2077,300,-24
2.3565,1881,2077,300,-24
2.3569,1881,2077,300,-24
2.3573,1881,2077,300,-24
2.3576,1881,2077,300,-24
2.3580,1881,2077,300,-24
2.3584,1881,2077,300,-24
2.3587,1881,2077,300,-24
2.3591,1881,2078,300,0
2.3595,1881,2078,300,0
2.3598,1881,2078,300,0
2.3602,1875,2078,300,0
2.3609,1875,2078,300,0
2.3613,1875,2078,300,0
2.3616,1875,2078,300,0
2.3620,1875,2078,250,0
2.3624,1875,2078,250,0
2.3627,1875,2078,250,0
2.3631,1875,2078,250,0
2.3634,1875,2078,250,0
2.3638,1875,2078,250,0
2.3642,1875,2079,250,24
2.3645,1875,2079,250,24
2.3649,1875,2079,250,24
2.3653,1875,2079,250,24
2.3656,1875,2079,250,24
2.3661,1875,2079,250,24
2.3664,1875,2079,250,24
2.3668,1875,2079,250,24
2.3672,1875,2079,250,32
2.3675,1875,2079,250,32
2.3679,1875,2079,250,32
2.3683,1875,2079,250,32
2.3686,1875,2079,250,32
2.3690,1875,2079,250,32
2.3693,1875,2079,250,32
2.3697,1875,2079,250,32
2.3701,1873,2079,250,32
2.3708,1873,2079,250,32
2.3711,1873,2079,250,32
2.3715,1873,2079,250,32
2.3719,1873,2080,250,32
2.3723,1873,2080,250,32
2.3726,1873,2080,250,32
2.3730,1873,2080,250,32
2.3734,1873,2080,250,32
2.3739,1873,2080,250,32
2.3742,1873,2080,250,32
2.3746,1873,2080,250,32
2.3750,1873,2080,250,32
2.3754,1873,2080,250,32
2.3758,1873,2080,250,32
2.3761,1873,2080,250,32
2.3765,1873,2080,250,32
2.3768,1873,2080,250,32
2.3772,1873,2080,250,32
2.3776,1873,2080,250,32
2.3780,1873,2080,250,32
2.3784,1873,2080,250,32
2.3787,1873,2080,250,32
2.3791,1873,2080,250,32
2.3795,1873,2080,250,32
2.3798,1873,2080,250,32
2.3803,1873,2080,250,32
2.3810,1873,2080,250,32
2.3814,1873,2080,250,32
2.3818,1873,2080,250,32
2.3823,1873,2080,100,40
2.3827,1873,2080,100,40
2.3830,1873,2080,100,40
2.3834,1873,2080,100,40
2.3837,1873,2080,100,40
2.3841,1873,2080,100,40
2.3845,1873,2080,100,40
2.3849,1873,2080,100,40
2.3852,1873,2080,100,40
2.3856,1873,2080,100,40
2.3860,1873,2080,100,32
2.3864,1873,2080,100,32
2.3868,1873,2080,100,40
2.3872,1873,2080,100,40
2.3875,1873,2080,100,40
2.3879,1873,2080,100,40
2.3883,1873,2080,100,40
2.3887,1873,2080,100,40
2.3892,1873,2080,100,40
2.3895,1873,2080,100,40
2.3899,1873,2080,100,40
2.3903,1875,2080,100,40
2.3910,1875,2080,100,40
2.3914,1875,2080,100,40
2.3917,1875,2080,100,40
2.3921,1875,2080,100,48
2.3925,1875,2080,100,48
2.3929,1875,2080,100,48
2.3933,1875,2080,100,48
2.3936,1875,2080,100,48
2.3940,1875,2080,100,48
2.3943,1875,2080,100,48
2.3947,1875,2080,100,48
2.3951,1875,2080,100,48
2.3954,1875,2080,100,48
2.3958,1875,2080,100,56
2.3961,1875,2080,100,56
2.3965,1875,2080,100,56
2.3969,1875,2080,100,56
2.3973,1875,2080,100,56
2.3976,1875,2080,100,56
2.3980,1875,2080,100,56
2.3984,1875,2080,100,56
2.3988,1875,2080,100,56
2.3991,1875,2080,100,56
2.3995,1875,2080,100,56
2.3999,1875,2080,100,64
2.4003,1881,2080,100,64
2.4011,1881,2080,100,64
2.4014,1881,2080,100,64
2.4018,1881,2080,0,64
2.4022,1881,2080,0,64
2.4026,1881,2080,0,64
2.4029,1881,2080,0,64
2.4033,1881,2080,0,64
2.4037,1881,2080,0,72
2.4041,1881,2080,0,72
2.4044,1881,2080,0,72
2.4048,1881,2080,0,72
2.4052,1881,2080,0,72
2.4057,1881,2080,0,72
2.4060,1881,2080,0,84
2.4065,1881,2080,0,84
2.4069,1881,2080,0,92
2.4073,1881,2080,0,92
2.4077,1881,2080,0,92
2.4081,1881,2080,0,92
2.4085,1881,2080,0,92
2.4089,1881,2080,0,92
2.4093,1881,2080,0,92
2.4097,1881,2080,0,100
2.4101,1889,2080,0,100
2.4108,1889,2080,0,100
2.4112,1889,2080,0,100
2.4116,1889,2080,0,100
2.4120,1889,2080,0,100
2.4124,1889,2080,0,100
2.4127,1889,2080,0,108
2.4132,1889,2080,0,108
2.4137,1889,2080,0,108
2.4140,1889,2080,0,108
2.4144,1889,2080,0,108
2.4148,1889,2080,0,108
2.4152,1889,2080,0,108
2.4157,1889,2080,0,116
2.4160,1889,2080,0,116
2.4164,1889,2080,0,116
2.4168,1889,2080,0,116
2.4172,1889,2080,0,116
2.4177,1889,2080,0,116
2.4180,1889,2080,0,116
2.4185,1889,2080,0,116
2.4189,1889,2080,0,124
2.4193,1889,2080,0,124
2.4197,1889,2080,0,124
2.4201,1899,2080,0,124
2.4208,1899,2079,0,116
2.4212,1899,2079,0,116
2.4217,1899,2079,-50,124
2.4221,1899,2079,-50,124
2.4225,1899,2079,-50,124
2.4229,1899,2079,-50,124
2.4233,1899,2079,-50,124
2.4237,1899,2079,-50,132
2.4240,1899,2079,-50,132
2.4244,1899,2079,-50,132
2.4248,1899,2078,-50,124
2.4252,1899,2078,-50,124
2.4255,1899,2078,-50,124
2.4259,1899,2078,-50,124
2.4263,1899,2078,-50,124
2.4267,1899,2078,-50,132
2.4270,1899,2078,-50,132
2.4274,1899,2078,-50,132
2.4278,1899,2077,-50,124
2.4281,1899,2077,-50,124
2.4285,1899,2077,-50,124
2.4288,1899,2077,-50,132
2.4292,1899,2077,-50,132
2.4296,1899,2077,-50,132
2.4300,1912,2077,-50,132
2.4307,1912,2077,-50,132
2.4311,1912,2077,-50,132
2.4314,1912,2077,-50,132
2.4318,1912,2077,-50,140
2.4321,1912,2077,-50,140
2.4325,1912,2077,-50,140
2.4329,1912,2076,-50,132
2.4333,1912,2076,-50,132
2.4337,1912,2076,-50,140
2.4340,1912,2076,-50,140
2.4344,1912,2076,-50,140
2.4347,1912,2076,-50,140
2.4351,1912,2076,-50,140
2.4355,1912,2076,-50,140
2.4358,1912,2076,-50,148
2.4362,1912,2076,-50,148
2.4367,1912,2075,-50,140
2.4370,1912,2075,-50,140
2.4374,1912,2075,-50,140
2.4377,1912,2075,-50,140
2.4381,1912,2075,-50,140
2.4385,1912,2075,-50,140
2.4388,1912,2075,-50,148
2.4392,1912,2075,-50,148
2.4397,1912,2074,-50,140
2.4400,1926,2074,-50,140
2.4408,1926,2074,-50,148
2.4412,1926,2074,-50,148
2.4416,1926,2073,-300,140
2.4420,1926,2073,-300,140
2.4424,1926,2073,-300,140
2.4427,1926,2073,-300,148
2.4431,1926,2073,-300,148
2.4435,1926,2072,-300,140
2.4439,1926,2072,-300,140
2.4443,1926,2072,-300,140
2.4447,1926,2072,-300,148
2.4451,1926,2072,-300,148
2.4454,1926,2072,-300,148
2.4458,1926,2072,-300,140
2.4462,1926,2072,-300,140
2.4466,1926,2071,-300,140
2.4470,1926,2071,-300,140
2.4474,1926,2071,-300,140
2.4478,1926,2071,-300,140
2.4482,1926,2071,-300,140
2.4486,1926,2071,-300,148
2.4489,1926,2071,-300,148
2.4493,1926,2071,-300,148
2.4497,1926,2070,-300,140
2.4500,1943,2070,-300,140
2.4507,1943,2070,-300,148
2.4511,1943,2070,-300,148
2.4515,1943,2069,-300,140
2.4518,1943,2069,-300,140
2.4522,1943,2069,-300,140
2.4527,1943,2069,-300,148
2.4530,1943,2069,-300,148
2.4534,1943,2069,-300,148
2.4537,1943,2068,-300,140
2.4541,1943,2068,-300,140
2.4545,1943,2068,-300,148
2.4549,1943,2068,-300,148
2.4552,1943,2068,-300,148
2.4556,1943,2068,-300,148
2.4560,1943,2068,-300,148
2.4564,1943,2068,-300,148
2.4568,1943,2067,-300,148
2.4571,1943,2067,-300,148
2.4575,1943,2067,-300,156
2.4579,1943,2067,-300,156
2.4582,1943,2067,-300,156
2.4587,1943,2066,-300,148
2.4590,1943,2066,-300,148
2.4594,1943,2066,-300,148
2.4598,1943,2066,-300,156
2.4602,1961,2065,-300,148
2.4608,1961,2065,-300,148
2.4612,1961,2065,-300,148
2.4616,1961,2065,-400,156
2.4620,1961,2065,-400,156
2.4624,1961,2065,-400,156
2.4628,1961,2064,-400,148
2.4631,1961,2064,-400,148
2.4635,1961,2064,-400,156
2.4639,1961,2064,-400,156
2.4642,1961,2064,-400,156
2.4648,1961,2064,-400,164
2.4651,1961,2064,-400,164
2.4655,1961,2063,-400,152
2.4659,1961,2063,-400,152
2.4663,1961,2063,-400,152
2.4667,1961,2063,-400,160
2.4671,1961,2063,-400,160
2.4674,1961,2062,-400,152
2.4678,1961,2062,-400,152
2.4681,1961,2062,-400,152
2.4685,1961,2062,-400,160
2.4689,1961,2062,-400,160
2.4693,1961,2062,-400,160
2.4696,1961,2061,-400,160
2.4700,1980,2061,-400,160
2.4707,1980,2061,-400,160
2.4711,1980,2061,-400,160
2.4715,1980,2060,-400,160
2.4718,1980,2060,-400,160
2.4722,1980,2060,-400,160
2.4727,1980,2060,-400,160
2.4730,1980,2060,-400,160
2.4734,1980,2059,-400,160
2.4738,1980,2059,-400,160
2.4741,1980,2059,-400,160
2.4745,1980,2059,-400,168
2.4749,1980,2059,-400,168
2.4752,1980,2059,-400,168
2.4757,1980,2058,-400,160
2.4760,1980,2058,-400,160
2.4764,1980,2058,-400,168
2.4768,1980,2058,-400,168
2.4772,1980,2058,-400,168
2.4776,1980,2057,-400,168
2.4780,1980,2057,-400,168
2.4784,1980,2057,-400,168
2.4787,1980,2057,-400,168
2.4791,1980,2057,-400,168
2.4794,1980,2056,-400,168
2.4798,1980,2056,-400,168
2.4802,2001,2056,-400,176
2.4808,2001,2056,-400,176
2.4812,2001,2056,-400,176
2.4817,2001,2055,-500,168
2.4820,2001,2055,-500,168
2.4824,2001,2055,-500,176
2.4827,2001,2055,-500,176
2.4831,2001,2055,-500,176
2.4835,2001,2054,-500,176
2.4838,2001,2054,-500,176
2.4842,2001,2054,-500,176
2.4846,2001,2054,-500,176
2.4849,2001,2054,-500,176
2.4853,2001,2054,-500,176
2.4857,2001,2053,-500,180
2.4860,2001,2053,-500,180
2.4864,2001,2053,-500,188
2.4868,2001,2053,-500,188
2.4872,2001,2053,-500,188
2.4877,2001,2052,-500,180
2.4881,2001,2052,-500,180
2.4884,2001,2051,-500,180
2.4888,2001,2051,-500,180
2.4892,2001,2051,-500,180
2.4896,2001,2051,-500,188
2.4899,2001,2051,-500,188
2.4903,2022,2050,-500,180
2.4910,2022,2050,-500,180
2.4914,2022,2050,-500,188
2.4918,2022,2050,-500,188
2.4922,2022,2050,-500,188
2.4925,2022,2049,-500,180
2.4929,2022,2049,-500,180
2.4933,2022,2049,-500,188
2.4937,2022,2049,-500,188
2.4940,2022,2049,-500,188
2.4944,2022,2049,-500,196
2.4948,2022,2049,-500,196
2.4952,2022,2049,-500,196
2.4956,2022,2048,-500,188
2.4959,2022,2048,-500,188
2.4963,2022,2047,-500,188
2.4967,2022,2047,-500,188
2.4971,2022,2047,-500,188
2.4975,2022,2046,-500,180
2.4979,2022,2046,-500,180
2.4982,2022,2046,-500,188
2.4987,2022,2046,-500,188
2.4990,2022,2046,-500,188
2.4994,2022,2045,-500,180
2.4998,2022,2045,-500,180
2.5002,2043,2045,-500,188
2.5009,2043,2045,-500,188
2.5013,2043,2044,-550,188
2.5017,2043,2044,-550,188
2.5021,2043,2044,-550,188
2.5024,2043,2043,-550,180
2.5028,2043,2043,-550,180
2.5033,2043,2043,-550,188
2.5037,2043,2043,-550,188
2.5041,2043,2043,-550,188
2.5045,2043,2043,-550,188
2.5049,2043,2043,-550,188
2.5052,2043,2042,-550,180
2.5056,2043,2042,-550,180
2.5060,2043,2042,-550,180
2.5064,2043,2041,-550,172
2.5067,2043,2041,-550,172
2.5072,2043,2040,-550,172
2.5076,2043,2040,-550,172
2.5080,2043,2040,-550,172
2.5084,2043,2040,-550,172
2.5088,2043,2040,-550,172
2.5092,2043,2039,-550,172
2.5096,2043,2039,-550,172
2.5100,2043,2039,-550,172
2.5103,2065,2039,-550,172
2.5110,2065,2039,-550,172
2.5114,2065,2038,-550,172
2.5118,2065,2038,-550,172
2.5123,2065,2037,-550,172
2.5127,2065,2037,-550,172
2.5130,2065,2037,-550,172
2.5134,2065,2037,-550,172
2.5138,2065,2037,-550,172
2.5142,2065,2036,-550,172
2.5147,2065,2036,-550,172
2.5151,2065,2036,-550,172
2.5154,2065,2035,-550,164
2.5158,2065,2035,-550,164
2.5162,2065,2035,-550,172
2.5166,2065,2035,-550,172
2.5169,2065,2035,-550,172
2.5173,2065,2034,-550,164
2.5177,2065,2034,-550,164
2.5181,2065,2034,-550,164
2.5185,2065,2034,-550,164
2.5189,2065,2034,-550,164
2.5194,2065,2033,-550,164
2.5197,2065,2033,-550,164
2.5201,2086,2032,-550,156
2.5208,2086,2032,-550,156
2.5212,2086,2032,-600,164
2.5216,2086,2032,-600,164
2.5220,2086,2032,-600,164
2.5224,2086,2031,-600,156
2.5228,2086,2031,-600,156
2.5231,2086,2031,-600,164
2.5235,2086,2031,-600,164
2.5239,2086,2031,-600,164
2.5243,2086,2030,-600,156
2.5246,2086,2030,-600,156
2.5250,2086,2030,-600,156
2.5254,2086,2029,-600,140
2.5258,2086,2029,-600,140
2.5261,2086,2029,-600,140
2.5265,2086,2029,-600,140
2.5269,2086,2029,-600,140
2.5273,2086,2028,-600,140
2.5276,2086,2028,-600,140
2.5280,2086,2028,-600,140
2.5284,2086,2028,-600,140
2.5288,2086,2028,-600,140
2.5291,2086,2027,-600,132
2.5295,2086,2027,-600,132
2.5299,2086,2027,-600,132
2.5303,2106,2027,-600,140
2.5310,2106,2027,-600,140
2.5314,2106,2026,-600,132
2.5318,2106,2026,-600,132
2.5321,2106,2025,-600,132
2.5325,2106,2025,-600,132
2.5329,2106,2025,-600,132
2.5333,2106,2025,-600,132
2.5337,2106,2025,-600,132
2.5341,2106,2024,-600,124
2.5345,2106,2024,-600,124
2.5348,2106,2024,-600,124
2.5352,2106,2024,-600,132
2.5357,2106,2024,-600,132
2.5360,2106,2024,-600,132
2.5364,2106,2023,-600,124
2.5368,2106,2023,-600,124
2.5372,2106,2022,-600,124
2.5375,2106,2022,-600,124
2.5379,2106,2022,-600,124
2.5383,2106,2022,-600,124
2.5387,2106,2022,-600,124
2.5391,2106,2021,-600,116
2.5394,2106,2021,-600,116
2.5398,2106,2021,-600,116
2.5402,2126,2021,-600,124
2.5409,2126,2021,-600,124
2.5413,2126,2021,-550,124
2.5417,2126,2021,-550,124
2.5420,2126,2020,-550,116
2.5425,2126,2020,-550,116
2.5428,2126,2020,-550,116
2.5432,2126,2019,-550,116
2.5436,2126,2019,-550,116
2.5440,2126,2019,-550,116
2.5444,2126,2019,-550,116
2.5447,2126,2019,-550,116
2.5451,2126,2018,-550,116
2.5455,2126,2018,-550,116
2.5459,2126,2018,-550,116
2.5462,2126,2018,-550,116
2.5467,2126,2018,-550,116
2.5470,2126,2017,-550,108
2.5474,2126,2017,-550,108
2.5478,2126,2017,-550,108
2.5482,2126,2016,-550,108
2.5486,2126,2016,-550,108
2.5489,2126,2016,-550,108
2.5493,2126,2016,-550,108
2.5496,2126,2016,-550,108
2.5500,2143,2015,-550,100
2.5507,2143,2015,-550,100
2.5511,2143,2015,-550,108
2.5514,2143,2015,-550,108
2.5518,2143,2015,-550,108
2.5521,2143,2014,-550,100
2.5526,2143,2014,-550,100
2.5530,2143,2014,-550,100
2.5533,2143,2014,-550,100
2.5537,2143,2014,-550,100
2.5541,2143,2013,-550,92
2.5545,2143,2013,-550,92
2.5548,2143,2013,-550,92
2.5552,2143,2013,-550,100
2.5556,2143,2013,-550,100
2.5559,2143,2013,-550,100
2.5563,2143,2013,-550,100
2.5567,2143,2013,-550,100
2.5570,2143,2012,-550,92
2.5574,2143,2012,-550,92
2.5577,2143,2012,-550,92
2.5582,2143,2012,-550,100
2.5585,2143,2012,-550,100
2.5589,2143,2012,-550,100
2.5593,2143,2011,-550,92
2.5597,2143,2011,-550,92
2.5601,2160,2011,-550,92
2.5608,2160,2011,-550,92
2.5613,2160,2010,-550,84
2.5617,2160,2010,-550,84
2.5621,2160,2010,-550,92
2.5625,2160,2010,-550,92
2.5629,2160,2010,-550,92
2.5633,2160,2009,-550,84
2.5637,2160,2009,-550,84
2.5640,2160,2009,-550,84
2.5644,2160,2009,-550,84
2.5648,2160,2009,-550,84
2.5651,2160,2008,-550,68
2.5655,2160,2008,-550,68
2.5659,2160,2008,-550,76
2.5663,2160,2008,-550,76
2.5667,2160,2008,-550,76
2.5671,2160,2008,-550,76
2.5674,2160,2008,-550,76
2.5678,2160,2008,-550,76
2.5682,2160,2007,-550,68
2.5686,2160,2007,-550,68
2.5689,2160,2007,-550,68
2.5693,2160,2007,-550,68
2.5697,2160,2007,-550,68
2.5700,2175,2007,-550,76
2.5708,2175,2007,-550,76
2.5712,2175,2006,-550,68
2.5716,2175,2006,-550,68
2.5720,2175,2006,-550,68
2.5723,2175,2006,-550,68
2.5728,2175,2006,-550,68
2.5732,2175,2005,-550,60
2.5737,2175,2005,-550,60
2.5741,2175,2005,-550,60
2.5745,2175,2005,-550,60
2.5749,2175,2005,-550,68
2.5753,2175,2005,-550,68
2.5757,2175,2005,-550,68
2.5761,2175,2004,-550,60
2.5765,2175,2004,-550,60
2.5768,2175,2004,-550,60
2.5772,2175,2004,-550,60
2.5777,2175,2004,-550,60
2.5780,2175,2004,-550,60
2.5784,2175,2004,-550,60
2.5788,2175,2004,-550,60
2.5792,2175,2003,-550,52
2.5797,2175,2003,-550,52
2.5800,2187,2003,-550,52
2.5808,2187,2003,-550,52
2.5812,2187,2003,-350,60
2.5815,2187,2003,-350,60
2.5819,2187,2002,-350,52
2.5823,2187,2002,-350,52
2.5827,2187,2002,-350,52
2.5831,2187,2002,-350,52
2.5836,2187,2002,-350,52
2.5840,2187,2002,-350,52
2.5844,2187,2002,-350,52
2.5848,2187,2002,-350,52
2.5852,2187,2001,-350,52
2.5857,2187,2001,-350,52
2.5861,2187,2001,-350,52
2.5865,2187,2001,-350,52
2.5869,2187,2001,-350,60
2.5873,2187,2001,-350,60
2.5877,2187,2001,-350,60
2.5881,2187,2000,-350,52
2.5885,2187,2000,-350,52
2.5889,2187,2000,-350,52
2.5893,2187,2000,-350,52
2.5897,2187,2000,-350,52
2.5901,2198,2000,-350,52
2.5910,2198,2000,-350,52
2.5914,2198,2000,-350,52
2.5918,2198,2000,-350,52
2.5922,2198,2000,-350,52
2.5926,2198,2000,-350,52
2.5929,2198,1999,-350,44
2.5933,2198,1999,-350,44
2.5937,2198,1999,-350,44
2.5941,2198,1999,-350,44
2.5945,2198,1999,-350,44
2.5948,2198,1999,-350,44
2.5952,2198,1999,-350,44
2.5957,2198,1999,-350,44
2.5960,2198,1998,-350,44
2.5964,2198,1998,-350,44
2.5968,2198,1998,-350,44
2.5972,2198,1998,-350,44
2.5975,2198,1998,-350,44
2.5979,2198,1998,-350,44
2.5983,2198,1998,-350,44
2.5987,2198,1998,-350,44
2.5991,2198,1998,-350,44
2.5995,2198,1998,-350,44
2.5998,2198,1997,-350,36
2.6002,2205,1997,-350,36
2.6009,2205,1997,-300,36
2.6013,2205,1997,-300,36
2.6016,2205,1997,-300,36
2.6020,2205,1997,-300,36
2.6024,2205,1997,-300,36
2.6028,2205,1997,-300,36
2.6031,2205,1997,-300,36
2.6035,2205,1997,-300,36
2.6039,2205,1996,-300,28
2.6043,2205,1996,-300,28
2.6047,2205,1996,-300,28
2.6050,2205,1996,-300,28
2.6054,2205,1996,-300,28
2.6058,2205,1996,-300,28
2.6062,2205,1996,-300,28
2.6067,2205,1996,-300,28
2.6070,2205,1996,-300,28
2.6074,2205,1996,-300,28
2.6078,2205,1996,-300,28
2.6082,2205,1996,-300,28
2.6085,2205,1996,-300,28
2.6089,2205,1995,-300,20
2.6093,2205,1995,-300,20
2.6096,2205,1995,-300,20
2.6100,2211,1995,-300,20
2.6108,2211,1995,-300,20
2.6111,2211,1995,-300,20
2.6115,2211,1995,-300,20
2.6119,2211,1995,-300,-20
2.6122,2211,1995,-300,-20
2.6126,2211,1995,-300,-20
2.6130,2211,1995,-300,-20
2.6134,2211,1995,-300,-20
2.6138,2211,1995,-300,-20
2.6142,2211,1995,-300,-20
2.6146,2211,1995,-300,-20
2.6149,2211,1994,-300,-28
2.6153,2211,1994,-300,-28
2.6157,2211,1994,-300,-28
2.6161,2211,1994,-300,-28
2.6165,2211,1994,-300,-28
2.6169,2211,1994,-300,-28
2.6174,2211,1994,-300,-28
2.6178,2211,1994,-300,-28
2.6182,2211,1994,-300,-28
2.6187,2211,1994,-300,-28
2.6191,2211,1994,-300,-28
2.6195,2211,1994,-300,-28
2.6199,2211,1994,-300,-28
2.6203,2213,1994,-150,-28
2.6211,2213,1994,-150,-28
2.6215,2213,1994,-150,-28
2.6219,2213,1994,-150,-28
2.6223,2213,1994,-150,-28
2.6227,2213,1994,-150,-28
2.6231,2213,1994,-150,-28
2.6235,2213,1994,-150,-28
2.6239,2213,1993,-150,-28
2.6243,2213,1993,-150,-28
2.6247,2213,1993,-150,-28
2.6251,2213,1993,-150,-28
2.6255,2213,1993,-150,-28
2.6260,2213,1993,-150,-28
2.6264,2213,1993,-150,-28
2.6268,2213,1993,-150,-28
2.6272,2213,1993,-150,-28
2.6277,2213,1993,-150,-36
2.6281,2213,1993,-150,-36
2.6285,2213,1993,-150,-36
2.6289,2213,1993,-150,-36
2.6293,2213,1993,-150,-36
2.6297,2213,1993,-150,-36
2.6301,2213,1993,-150,-36
2.6310,2213,1993,-150,-36
2.6314,2213,1993,-150,-36
2.6318,2213,1993,-150,-36
2.6322,2213,1993,-150,-36
2.6327,2213,1993,-150,-36
2.6331,2213,1993,-150,-36
2.6334,2213,1993,-150,-36
2.6338,2213,1993,-150,-44
2.6342,2213,1993,-150,-44
2.6347,2213,1993,-150,-44
2.6351,2213,1993,-150,-44
2.6354,2213,1993,-150,-44
2.6359,2213,1993,-150,-44
2.6362,2213,1993,-150,-44
2.6367,2213,1993,-150,-44
2.6370,2213,1993,-150,-44
2.6374,2213,1993,-150,-44
2.6378,2213,1993,-150,-52
2.6382,2213,1993,-150,-52
2.6387,2213,1993,-150,-52
2.6390,2213,1993,-150,-52
2.6394,2213,1993,-150,-52
2.6398,2213,1993,-150,-52
2.6402,2211,1993,-150,-52
2.6409,2211,1993,-50,-52
2.6413,2211,1993,-50,-52
2.6417,2211,1993,-50,-52
2.6421,2211,1993,-50,-52
2.6425,2211,1993,-50,-52
2.6429,2211,1993,-50,-60
2.6433,2211,1993,-50,-60
2.6437,2211,1993,-50,-60
2.6441,2211,1993,-50,-60
2.6445,2211,1993,-50,-60
2.6449,2211,1993,-50,-64
2.6453,2211,1993,-50,-64
2.6457,2211,1993,-50,-64
2.6461,2211,1993,-50,-64
2.6465,2211,1993,-50,-72
2.6469,2211,1993,-50,-72
2.6473,2211,1993,-50,-72
2.6477,2211,1993,-50,-72
2.6481,2211,1993,-50,-72
2.6485,2211,1993,-50,-72
2.6489,2211,1993,-50,-72
2.6494,2211,1993,-50,-72
2.6498,2211,1993,-50,-72
2.6502,2205,1993,-50,-80
2.6511,2205,1993,-50,-80
2.6515,2205,1993,-50,-80
2.6518,2205,1993,-50,-80
2.6522,2205,1993,-50,-80
2.6527,2205,1993,-50,-80
2.6531,2205,1993,-50,-80
2.6535,2205,1993,-50,-88
2.6539,2205,1993,-50,-88
2.6543,2205,1993,-50,-88
2.6547,2205,1993,-50,-88
2.6551,2205,1993,-50,-88
2.6555,2205,1993,-50,-88
2.6559,2205,1993,-50,-88
2.6563,2205,1993,-50,-88
2.6567,2205,1993,-50,-96
2.6571,2205,1993,-50,-96
2.6575,2205,1993,-50,-96
2.6579,2205,1993,-50,-96
2.6583,2205,1993,-50,-96
2.6586,2205,1993,-50,-96
2.6590,2205,1993,-50,-96
2.6594,2205,1993,-50,-96
2.6598,2205,1993,-50,-104
2.6601,2197,1993,0,-104
2.6609,2197,1993,0,-104
2.6612,2197,1993,0,-104
2.6617,2197,1993,0,-104
2.6620,2197,1993,0,-104
2.6624,2197,1993,0,-104
2.6628,2197,1993,0,-112
2.6631,2197,1993,0,-112
2.6635,2197,1993,0,-112
2.6639,2197,1993,0,-112
2.6643,2197,1993,0,-112
2.6647,2197,1993,0,-120
2.6650,2197,1993,0,-120
2.6654,2197,1993,0,-120
2.6658,2197,1993,0,-128
2.6661,2197,1993,0,-128
2.6665,2197,1993,0,-128
2.6669,2197,1993,0,-128
2.6673,2197,1993,0,-128
2.6677,2197,1994,0,-120
2.6681,2197,1994,0,-120
2.6684,2197,1994,0,-128
2.6688,2197,1994,0,-128
2.6692,2197,1994,0,-128
2.6695,2197,1994,0,-128
2.6699,2197,1994,0,-128
2.6703,2187,1994,0,-128
2.6710,2187,1994,0,-128
2.6714,2187,1994,0,-128
2.6718,2187,1995,0,-128
2.6721,2187,1995,0,-128
2.6725,2187,1995,0,-128
2.6729,2187,1995,0,-128
2.6733,2187,1995,0,-128
2.6737,2187,1995,0,-136
2.6741,2187,1995,0,-136
2.6744,2187,1995,0,-136
2.6748,2187,1995,0,-136
2.6752,2187,1995,0,-136
2.6756,2187,1996,0,-128
2.6759,2187,1996,0,-128
2.6763,2187,1996,0,-128
2.6767,2187,1996,0,-136
2.6771,2187,1996,0,-136
2.6774,2187,1996,0,-136
2.6778,2187,1996,0,-136
2.6782,2187,1996,0,-136
2.6787,2187,1996,0,-144
2.6790,2187,1996,0,-144
2.6794,2187,1997,0,-136
2.6798,2187,1997,0,-136
2.6802,2174,1997,200,-136
2.6809,2174,1997,200,-136
2.6813,2174,1997,200,-136
2.6817,2174,1997,200,-144
2.6821,2174,1997,200,-144
2.6825,2174,1998,200,-136
2.6829,2174,1998,200,-136
2.6833,2174,1998,200,-136
2.6837,2174,1998,200,-144
2.6841,2174,1998,200,-144
2.6845,2174,1998,200,-132
2.6849,2174,1998,200,-132
2.6852,2174,1998,200,-132
2.6857,2174,1999,200,-132
2.6860,2174,1999,200,-132
2.6864,2174,1999,200,-132
2.6868,2174,1999,200,-132
2.6872,2174,1999,200,-132
2.6877,2174,1999,200,-140
2.6880,2174,1999,200,-140
2.6884,2174,1999,200,-140
2.6888,2174,1999,200,-140
2.6892,2174,1999,200,-140
2.6897,2174,2000,200,-140
2.6900,2160,2000,200,-140
2.6908,2160,2000,200,-140
2.6912,2160,2000,200,-140
2.6917,2160,2001,200,-140
2.6921,2160,2001,200,-140
2.6926,2160,2001,200,-140
2.6929,2160,2001,200,-140
2.6933,2160,2002,200,-140
2.6937,2160,2002,200,-140
2.6941,2160,2002,200,-140
2.6945,2160,2002,200,-140
2.6950,2160,2002,200,-140
2.6954,2160,2002,200,-148
2.6958,2160,2002,200,-148
2.6963,2160,2003,200,-140
2.6967,2160,2003,200,-140
2.6971,2160,2003,200,-140
2.6975,2160,2003,200,-148
2.6979,2160,2003,200,-148
2.6983,2160,2003,200,-148
2.6987,2160,2004,200,-140
2.6991,2160,2004,200,-140
2.6994,2160,2004,200,-148
2.6998,2160,2004,200,-148
2.7002,2143,2005,400,-140
2.7009,2143,2005,400,-140
2.7013,2143,2005,400,-148
2.7017,2143,2005,400,-148
2.7021,2143,2005,400,-148
2.7025,2143,2006,400,-140
2.7028,2143,2006,400,-140
2.7032,2143,2006,400,-140
2.7036,2143,2006,400,-148
2.7040,2143,2006,400,-148
2.7044,2143,2006,400,-144
2.7048,2143,2006,400,-144
2.7051,2143,2006,400,-144
2.7055,2143,2007,400,-144
2.7058,2143,2007,400,-144
2.7062,2143,2007,400,-144
2.7067,2143,2007,400,-144
2.7070,2143,2007,400,-144
2.7074,2143,2008,400,-144
2.7078,2143,2008,400,-144
2.7082,2143,2008,400,-144
2.7085,2143,2008,400,-152
2.7089,2143,2008,400,-152
2.7093,2143,2008,400,-152
2.7097,2143,2008,400,-152
2.7101,2125,2009,400,-152
2.7108,2125,2009,400,-152
2.7112,2125,2009,400,-152
2.7115,2125,2009,400,-152
2.7119,2125,2009,400,-152
2.7123,2125,2010,400,-152
2.7127,2125,2010,400,-152
2.7130,2125,2010,400,-152
2.7134,2125,2010,400,-152
2.7138,2125,2010,400,-152
2.7141,2125,2010,400,-152
2.7145,2125,2011,400,-152
2.7149,2125,2011,400,-152
2.7152,2125,2011,400,-160
2.7156,2125,2011,400,-160
2.7160,2125,2011,400,-160
2.7164,2125,2012,400,-152
2.7168,2125,2012,400,-152
2.7171,2125,2012,400,-152
2.7175,2125,2012,400,-160
2.7179,2125,2012,400,-160
2.7183,2125,2012,400,-168
2.7186,2125,2012,400,-168
2.7190,2125,2012,400,-168
2.7194,2125,2013,400,-160
2.7197,2125,2013,400,-160
2.7201,2106,2013,400,-168
2.7209,2106,2013,400,-168
2.7213,2106,2014,400,-160
2.7216,2106,2014,400,-160
2.7220,2106,2014,400,-160
2.7224,2106,2014,400,-168
2.7228,2106,2014,400,-168
2.7232,2106,2015,400,-168
2.7236,2106,2015,400,-168
2.7240,2106,2015,400,-168
2.7244,2106,2015,400,-172
2.7247,2106,2015,400,-172
2.7251,2106,2015,400,-172
2.7255,2106,2016,400,-172
2.7259,2106,2016,400,-172
2.7263,2106,2016,400,-180
2.7267,2106,2016,400,-180
2.7271,2106,2016,400,-180
2.7275,2106,2017,400,-172
2.7279,2106,2017,400,-172
2.7283,2106,2018,400,-172
2.7287,2106,2018,400,-172
2.7291,2106,2018,400,-172
2.7295,2106,2018,400,-180
2.7299,2106,2018,400,-180
2.7303,2085,2018,400,-180
2.7311,2085,2018,400,-180
2.7315,2085,2019,400,-180
2.7319,2085,2019,400,-180
2.7323,2085,2020,400,-180
2.7327,2085,2020,400,-180
2.7331,2085,2020,400,-180
2.7334,2085,2020,400,-180
2.7338,2085,2020,400,-180
2.7342,2085,2020,400,-188
2.7346,2085,2020,400,-188
2.7350,2085,2020,400,-188
2.7354,2085,2021,400,-188
2.7358,2085,2021,400,-188
2.7362,2085,2021,400,-188
2.7365,2085,2021,400,-188
2.7369,2085,2021,400,-188
2.7373,2085,2022,400,-188
2.7377,2085,2022,400,-188
2.7381,2085,2022,400,-188
2.7385,2085,2022,400,-196
2.7388,2085,2022,400,-196
2.7392,2085,2023,400,-188
2.7397,2085,2023,400,-188
2.7400,2064,2024,550,-188
2.7407,2064,2024,550,-188
2.7411,2064,2024,550,-196
2.7416,2064,2024,550,-196
2.7420,2064,2024,550,-196
2.7423,2064,2025,550,-188
2.7427,2064,2025,550,-188
2.7431,2064,2026,550,-188
2.7435,2064,2026,550,-188
2.7439,2064,2026,550,-188
2.7443,2064,2026,550,-184
2.7447,2064,2026,550,-184
2.7452,2064,2027,550,-184
2.7457,2064,2027,550,-184
2.7460,2064,2027,550,-184
2.7464,2064,2027,550,-192
2.7468,2064,2027,550,-192
2.7472,2064,2028,550,-184
2.7477,2064,2028,550,-184
2.7481,2064,2028,550,-192
2.7484,2064,2028,550,-192
2.7488,2064,2028,550,-192
2.7492,2064,2029,550,-192
2.7497,2064,2029,550,-192
2.7500,2043,2029,550,-192
2.7508,2043,2029,550,-192
2.7512,2043,2030,550,-192
2.7517,2043,2030,550,-192
2.7521,2043,2031,550,-184
2.7524,2043,2031,550,-184
2.7528,2043,2031,550,-184
2.7532,2043,2031,550,-192
2.7537,2043,2031,550,-192
2.7540,2043,2032,550,-184
2.7544,2043,2032,550,-184
2.7548,2043,2032,550,-184
2.7552,2043,2032,550,-192
2.7556,2043,2032,550,-192
2.7559,2043,2032,550,-192
2.7563,2043,2033,550,-192
2.7567,2043,2033,550,-192
2.7571,2043,2034,550,-184
2.7575,2043,2034,550,-184
2.7579,2043,2034,550,-184
2.7583,2043,2034,550,-192
2.7587,2043,2034,550,-192
2.7591,2043,2035,550,-184
2.7595,2043,2035,550,-184
2.7599,2043,2035,550,-184
2.7602,2021,2035,550,-192
2.7610,2021,2036,550,-184
2.7614,2021,2036,550,-184
2.7618,2021,2036,550,-184
2.7622,2021,2037,550,-184
2.7625,2021,2037,550,-184
2.7629,2021,2037,550,-184
2.7633,2021,2038,550,-176
2.7636,2021,2038,550,-176
2.7640,2021,2038,550,-176
2.7644,2021,2038,550,-176
2.7647,2021,2038,550,-176
2.7651,2021,2039,550,-168
2.7655,2021,2039,550,-168
2.7658,2021,2039,550,-168
2.7662,2021,2040,550,-168
2.7666,2021,2040,550,-168
2.7669,2021,2040,550,-168
2.7673,2021,2040,550,-168
2.7677,2021,2040,550,-168
2.7680,2021,2041,550,-168
2.7684,2021,2041,550,-168
2.7689,2021,2041,550,-168
2.7693,2021,2042,550,-160
2.7697,2021,2042,550,-160
2.7701,2000,2042,550,-168
2.7708,2000,2042,550,-168
2.7712,2000,2043,550,-160
2.7715,2000,2043,550,-160
2.7719,2000,2043,550,-160
2.7723,2000,2043,550,-168
2.7727,2000,2043,550,-168
2.7730,2000,2044,550,-160
2.7734,2000,2044,550,-160
2.7738,2000,2044,550,-160
2.7742,2000,2044,550,-168
2.7746,2000,2044,550,-168
2.7749,2000,2045,550,-160
2.7753,2000,2045,550,-160
2.7757,2000,2045,550,-160
2.7761,2000,2046,550,-160
2.7765,2000,2046,550,-160
2.7769,2000,2046,550,-160
2.7773,2000,2046,550,-160
2.7777,2000,2046,550,-160
2.7781,2000,2047,550,-160
2.7785,2000,2047,550,-160
2.7789,2000,2048,550,-152
2.7793,2000,2048,550,-152
2.7797,2000,2048,550,-152
2.7801,1980,2048,650,-152
2.7809,1980,2048,650,-152
2.7813,1980,2049,650,-152
2.7817,1980,2049,650,-152
2.7821,1980,2049,650,-152
2.7824,1980,2049,650,-152
2.7828,1980,2049,650,-152
2.7832,1980,2050,650,-152
2.7837,1980,2050,650,-152
2.7841,1980,2051,650,-128
2.7845,1980,2051,650,-128
2.7849,1980,2051,650,-128
2.7853,1980,2051,650,-136
2.7857,1980,2051,650,-136
2.7861,1980,2052,650,-128
2.7865,1980,2052,650,-128
2.7869,1980,2053,650,-120
2.7873,1980,2053,650,-120
2.7877,1980,2053,650,-120
2.7881,1980,2053,650,-128
2.7884,1980,2053,650,-128
2.7888,1980,2053,650,-128
2.7892,1980,2054,650,-120
2.7897,1980,2054,650,-120
2.7900,1961,2054,650,-128
2.7908,1961,2054,650,-128
2.7912,1961,2055,650,-120
2.7917,1961,2055,650,-120
2.7921,1961,2055,650,-120
2.7925,1961,2055,650,-120
2.7929,1961,2056,650,-120
2.7933,1961,2056,650,-120
2.7937,1961,2056,650,-120
2.7941,1961,2057,650,-112
2.7945,1961,2057,650,-112
2.7949,1961,2057,650,-112
2.7953,1961,2057,650,-112
2.7958,1961,2057,650,-112
2.7962,1961,2058,650,-112
2.7967,1961,2058,650,-112
2.7971,1961,2059,650,-104
2.7976,1961,2059,650,-104
2.7979,1961,2059,650,-112
2.7984,1961,2059,650,-112
2.7988,1961,2060,650,-104
2.7993,1961,2060,650,-104
2.7997,1961,2060,650,-104
2.8001,1943,2060,600,-104
2.8008,1943,2061,600,-104
2.8012,1943,2061,600,-104
2.8017,1943,2061,600,-104
2.8021,1943,2061,600,-104
2.8024,1943,2061,600,-104
2.8028,1943,2062,600,-96
2.8032,1943,2062,600,-96
2.8037,1943,2062,600,-96
2.8041,1943,2062,600,-108
2.8044,1943,2062,600,-108
2.8048,1943,2063,600,-100
2.8052,1943,2063,600,-100
2.8057,1943,2063,600,-100
2.8061,1943,2063,600,-100
2.8064,1943,2063,600,-100
2.8068,1943,2063,600,-100
2.8073,1943,2063,600,-100
2.8077,1943,2063,600,-100
2.8081,1943,2064,600,-100
2.8085,1943,2064,600,-100
2.8088,1943,2065,600,-92
2.8092,1943,2065,600,-92
2.8097,1943,2065,600,-92
2.8100,1926,2065,600,-92
2.8108,1926,2065,600,-100
2.8111,1926,2065,600,-100
2.8115,1926,2065,600,-100
2.8119,1926,2066,600,-92
2.8123,1926,2066,600,-92
2.8127,1926,2066,600,-92
2.8131,1926,2066,600,-92
2.8135,1926,2066,600,-92
2.8138,1926,2067,600,-84
2.8142,1926,2067,600,-84
2.8146,1926,2067,600,-84
2.8150,1926,2067,600,-92
2.8154,1926,2067,600,-92
2.8157,1926,2068,600,-84
2.8161,1926,2068,600,-84
2.8165,1926,2068,600,-84
2.8168,1926,2068,600,-84
2.8172,1926,2068,600,-84
2.8177,1926,2068,600,-84
2.8180,1926,2068,600,-84
2.8184,1926,2068,600,-84
2.8188,1926,2069,600,-84
2.8191,1926,2069,600,-84
2.8195,1926,2069,600,-84
2.8199,1926,2069,450,-84
2.8202,1911,2069,450,-84
2.8210,1911,2070,450,-76
2.8214,1911,2070,450,-76
2.8218,1911,2070,450,-76
2.8221,1911,2070,450,-76
2.8225,1911,2070,450,-76
2.8230,1911,2070,450,-84
2.8233,1911,2070,450,-84
2.8237,1911,2070,450,-84
2.8240,1911,2070,450,-84
2.8244,1911,2070,450,-84
2.8248,1911,2071,450,-76
2.8252,1911,2071,450,-76
2.8255,1911,2071,450,-76
2.8259,1911,2071,450,-76
2.8263,1911,2071,450,-76
2.8267,1911,2071,450,-76
2.8270,1911,2072,450,-76
2.8274,1911,2072,450,-76
2.8278,1911,2072,450,-76
2.8281,1911,2072,450,-76
2.8285,1911,2072,450,-76
2.8289,1911,2073,450,-68
2.8293,1911,2073,450,-68
2.8297,1911,2073,450,-68
2.8300,1899,2073,450,-68
2.8307,1899,2073,450,-68
2.8311,1899,2073,450,-68
2.8314,1899,2073,450,-68
2.8318,1899,2074,450,-60
2.8322,1899,2074,450,-60
2.8325,1899,2074,450,-60
2.8329,1899,2074,450,-68
2.8333,1899,2074,450,-68
2.8336,1899,2075,450,-60
2.8340,1899,2075,450,-60
2.8344,1899,2075,450,-60
2.8347,1899,2075,450,-60
2.8351,1899,2075,450,-60
2.8355,1899,2075,450,-60
2.8358,1899,2075,450,-60
2.8362,1899,2075,450,-60
2.8367,1899,2076,450,-52
2.8370,1899,2076,450,-52
2.8374,1899,2076,450,-52
2.8378,1899,2076,450,-52
2.8382,1899,2076,450,-52
2.8387,1899,2076,450,-60
2.8391,1899,2076,450,-60
2.8394,1899,2076,450,-60
2.8398,1899,2076,350,-60
2.8402,1888,2076,350,-60
2.8410,1888,2077,350,-52
2.8414,1888,2077,350,-52
2.8418,1888,2077,350,-52
2.8422,1888,2077,350,-52
2.8426,1888,2077,350,-52
2.8429,1888,2077,350,-52
2.8433,1888,2077,350,-52
2.8437,1888,2078,350,-36
2.8441,1888,2078,350,-36
2.8445,1888,2078,350,-36
2.8449,1888,2078,350,-36
2.8453,1888,2078,350,-36
2.8458,1888,2078,350,-36
2.8462,1888,2078,350,-36
2.8466,1888,2079,350,-36
2.8470,1888,2079,350,-36
2.8474,1888,2079,350,-36
2.8478,1888,2079,350,-36
2.8482,1888,2079,350,-36
2.8486,1888,2079,350,-36
2.8490,1888,2079,350,-36
2.8494,1888,2079,350,-36
2.8498,1888,2079,350,-36
2.8502,1881,2079,350,-36
2.8508,1881,2079,350,-36
2.8512,1881,2079,350,-36
2.8516,1881,2080,350,-28
2.8520,1881,2080,350,-28
2.8524,1881,2080,350,-28
2.8527,1881,2080,350,-28
2.8531,1881,2080,350,-28
2.8535,1881,2080,350,-28
2.8538,1881,2080,350,-28
2.8542,1881,2080,350,-28
2.8545,1881,2080,350,-28
2.8549,1881,2081,350,-20
2.8553,1881,2081,350,-20
2.8557,1881,2081,350,-20
2.8560,1881,2081,350,-20
2.8564,1881,2081,350,-20
2.8568,1881,2081,350,-20
2.8571,1881,2081,350,-20
2.8575,1881,2081,350,-20
2.8579,1881,2081,350,-20
2.8583,1881,2081,350,-20
2.8587,1881,2081,350,-20
2.8591,1881,2081,350,-20
2.8594,1881,2081,350,-20
2.8598,1881,2082,300,20
2.8602,1875,2082,300,20
2.8608,1875,2082,300,20
2.8612,1875,2082,300,20
2.8616,1875,2082,300,20
2.8619,1875,2082,300,20
2.8623,1875,2082,300,20
2.8626,1875,2082,300,20
2.8630,1875,2082,300,20
2.8634,1875,2082,300,20
2.8638,1875,2083,300,24
2.8642,1875,2083,300,24
2.8645,1875,2083,300,24
2.8649,1875,2083,300,24
2.8653,1875,2083,300,24
2.8657,1875,2083,300,24
2.8660,1875,2083,300,24
2.8666,1875,2083,300,24
2.8669,1875,2083,300,24
2.8673,1875,2083,300,24
2.8677,1875,2083,300,24
2.8680,1875,2083,300,24
2.8684,1875,2083,300,24
2.8688,1875,2083,300,24
2.8691,1875,2083,300,24
2.8695,1875,2083,300,32
2.8699,1875,2083,300,32
2.8703,1873,2083,300,32
2.8710,1873,2083,300,32
2.8714,1873,2083,300,32
2.8717,1873,2083,300,32
2.8721,1873,2083,300,32
2.8725,1873,2083,300,32
2.8728,1873,2083,300,32
2.8732,1873,2083,300,32
2.8736,1873,2083,300,32
2.8740,1873,2083,300,32
2.8744,1873,2083,300,32
2.8747,1873,2083,300,32
2.8751,1873,2083,300,32
2.8755,1873,2084,300,32
2.8758,1873,2084,300,32
2.8762,1873,2084,300,32
2.8767,1873,2084,300,32
2.8770,1873,2084,300,32
2.8774,1873,2084,300,32
2.8778,1873,2084,300,32
2.8781,1873,2084,300,32
2.8785,1873,2084,300,32
2.8789,1873,2084,300,32
2.8793,1873,2084,300,32
2.8797,1873,2084,100,32
2.8801,1873,2084,100,32
2.8807,1873,2084,100,32
2.8811,1873,2084,100,32
2.8815,1873,2084,100,32
2.8819,1873,2084,100,32
2.8823,1873,2084,100,32
2.8827,1873,2084,100,32
2.8831,1873,2084,100,32
2.8834,1873,2084,100,32
2.8838,1873,2084,100,32
2.8842,1873,2084,100,32
2.8847,1873,2084,100,32
2.8850,1873,2084,100,32
2.8854,1873,2084,100,32
2.8858,1873,2084,100,32
2.8862,1873,2084,100,32
2.8866,1873,2084,100,32
2.8869,1873,2084,100,32
2.8873,1873,2084,100,32
2.8876,1873,2084,100,32
2.8880,1873,2084,100,32
2.8884,1873,2084,100,40
2.8887,1873,2084,100,40
2.8891,1873,2084,100,40
2.8895,1873,2084,100,40
2.8898,1873,2084,100,40
2.8902,1875,2084,100,40
2.8909,1875,2084,100,40
2.8913,1875,2084,100,40
2.8916,1875,2084,100,40
2.8920,1875,2084,100,40
2.8924,1875,2084,100,40
2.8928,1875,2084,100,40
2.8932,1875,2084,100,40
2.8936,1875,2084,100,48
2.8940,1875,2084,100,48
2.8944,1875,2084,100,48
2.8947,1875,2084,100,48
2.8951,1875,2084,100,48
2.8955,1875,2084,100,48
2.8958,1875,2084,100,48
2.8962,1875,2084,100,48
2.8967,1875,2084,100,48
2.8970,1875,2084,100,48
2.8974,1875,2084,100,56
2.8978,1875,2084,100,56
2.8982,1875,2084,100,56
2.8987,1875,2084,100,56
2.8991,1875,2084,100,56
2.8995,1875,2084,0,56
2.8999,1875,2084,0,56
2.9003,1881,2084,0,56
2.9011,1881,2084,0,56
2.9015,1881,2084,0,64
2.9019,1881,2084,0,64
2.9024,1881,2084,0,64
2.9028,1881,2084,0,64
2.9032,1881,2084,0,64
2.9037,1881,2084,0,72
2.9043,1881,2084,0,72
2.9048,1881,2084,0,72
2.9052,1881,2084,0,72
2.9056,1881,2084,0,80
2.9059,1881,2084,0,80
2.9063,1881,2084,0,80
2.9067,1881,2084,0,80
2.9071,1881,2084,0,80
2.9075,1881,2084,0,80
2.9079,1881,2084,0,80
2.9083,1881,2084,0,88
2.9087,1881,2084,0,88
2.9092,1881,2084,0,88
2.9097,1881,2084,0,88
2.9100,1889,2084,0,88
2.9108,1889,2084,0,88
2.9112,1889,2084,0,88
2.9117,1889,2084,0,96
2.9121,1889,2084,0,96
2.9124,1889,2084,0,96
2.9128,1889,2084,0,96
2.9133,1889,2084,0,96
2.9137,1889,2084,0,96
2.9141,1889,2084,0,96
2.9145,1889,2084,0,96
2.9149,1889,2084,0,96
2.9153,1889,2084,0,104
2.9157,1889,2084,0,104
2.9161,1889,2084,0,104
2.9165,1889,2084,0,104
2.9169,1889,2084,0,104
2.9173,1889,2084,0,112
2.9177,1889,2084,0,112
2.9182,1889,2084,0,112
2.9187,1889,2084,0,112
2.9191,1889,2084,0,112
2.9195,1889,2084,0,112
2.9199,1889,2084,0,112
2.9203,1899,2084,0,120
2.9210,1899,2084,0,120
2.9216,1899,2084,0,120
2.9219,1899,2084,0,120
2.9223,1899,2084,0,120
2.9227,1899,2084,0,120
2.9231,1899,2084,0,120
2.9234,1899,2084,0,140
2.9238,1899,2084,0,140
2.9242,1899,2084,0,140
2.9247,1899,2084,0,140
2.9251,1899,2084,0,140
2.9255,1899,2084,0,140
2.9259,1899,2084,0,140
2.9263,1899,2084,0,148
2.9267,1899,2084,0,148
2.9270,1899,2084,0,148
2.9274,1899,2084,0,148
2.9278,1899,2084,0,148
2.9281,1899,2084,0,148
2.9285,1899,2083,0,148
2.9289,1899,2083,0,148
2.9293,1899,2083,0,148
2.9297,1899,2083,0,148
2.9301,1912,2083,0,148
2.9308,1912,2083,0,148
2.9312,1912,2083,0,156
2.9317,1912,2083,0,156
2.9320,1912,2083,0,156
2.9324,1912,2082,0,148
2.9328,1912,2082,0,148
2.9332,1912,2082,0,156
2.9335,1912,2082,0,156
2.9339,1912,2082,0,156
2.9343,1912,2081,0,148
2.9347,1912,2081,0,148
2.9350,1912,2081,0,148
2.9354,1912,2081,0,156
2.9358,1912,2081,0,156
2.9362,1912,2081,0,156
2.9365,1912,2081,0,156
2.9369,1912,2081,0,156
2.9373,1912,2081,0,156
2.9377,1912,2081,0,156
2.9380,1912,2081,0,156
2.9384,1912,2080,0,156
2.9388,1912,2080,0,156
2.9391,1912,2080,-200,156
2.9395,1912,2080,-200,156
2.9399,1912,2080,-200,156
2.9403,1927,2079,-200,156
2.9410,1927,2079,-200,156
2.9414,1927,2079,-200,156
2.9418,1927,2079,-200,156
2.9422,1927,2078,-200,156
2.9426,1927,2078,-200,156
2.9430,1927,2078,-200,156
2.9433,1927,2078,-200,136
2.9437,1927,2078,-200,136
2.9441,1927,2078,-200,144
2.9445,1927,2078,-200,144
2.9449,1927,2078,-200,144
2.9453,1927,2077,-200,136
2.9457,1927,2077,-200,136
2.9461,1927,2077,-200,136
2.9464,1927,2077,-200,144
2.9468,1927,2077,-200,144
2.9472,1927,2077,-200,144
2.9477,1927,2077,-200,144
2.9481,1927,2077,-200,144
2.9484,1927,2076,-200,144
2.9488,1927,2076,-200,144
2.9492,1927,2076,-200,144
2.9497,1927,2076,-200,144
2.9500,1943,2076,-200,152
2.9508,1943,2076,-200,152
2.9511,1943,2075,-200,144
2.9515,1943,2075,-200,144
2.9519,1943,2075,-200,144
2.9523,1943,2075,-200,152
2.9526,1943,2075,-200,152
2.9530,1943,2075,-200,152
2.9534,1943,2074,-200,144
2.9537,1943,2074,-200,144
2.9541,1943,2074,-200,152
2.9544,1943,2074,-200,152
2.9548,1943,2074,-200,152
2.9551,1943,2073,-200,144
2.9555,1943,2073,-200,144
2.9559,1943,2073,-200,144
2.9562,1943,2073,-200,152
2.9567,1943,2073,-200,152
2.9570,1943,2073,-200,144
2.9574,1943,2072,-200,144
2.9578,1943,2072,-200,144
2.9581,1943,2072,-200,152
2.9585,1943,2072,-200,152
2.9589,1943,2072,-200,152
2.9592,1943,2072,-400,160
2.9596,1943,2072,-400,160
2.9600,1961,2071,-400,152
2.9607,1961,2071,-400,152
2.9611,1961,2071,-400,160
2.9614,1961,2071,-400,160
2.9618,1961,2071,-400,160
2.9622,1961,2070,-400,152
2.9625,1961,2070,-400,152
2.9629,1961,2070,-400,152
2.9632,1961,2070,-400,164
2.9636,1961,2070,-400,164
2.9640,1961,2070,-400,164
2.9644,1961,2069,-400,156
2.9647,1961,2069,-400,156
2.9651,1961,2069,-400,164
2.9655,1961,2069,-400,164
2.9659,1961,2069,-400,164
2.9663,1961,2068,-400,164
2.9666,1961,2068,-400,164
2.9670,1961,2068,-400,164
2.9674,1961,2068,-400,164
2.9678,1961,2068,-400,164
2.9682,1961,2067,-400,164
2.9686,1961,2067,-400,164
2.9689,1961,2067,-400,164
2.9693,1961,2067,-400,164
2.9696,1961,2067,-400,164
2.9700,1961,2066,-400,164
2.9704,1981,2066,-400,164
2.9711,1981,2066,-400,172
2.9714,1981,2066,-400,172
2.9718,1981,2066,-400,172
2.9722,1981,2065,-400,164
2.9725,1981,2065,-400,164
2.9729,1981,2065,-400,164
2.9733,1981,2065,-400,172
2.9737,1981,2065,-400,172
2.9740,1981,2064,-400,164
2.9744,1981,2064,-400,164
2.9747,1981,2064,-400,164
2.9751,1981,2064,-400,172
2.9755,1981,2064,-400,172
2.9758,1981,2064,-400,172
2.9762,1981,2064,-400,180
2.9766,1981,2064,-400,180
2.9770,1981,2063,-400,172
2.9774,1981,2063,-400,172
2.9778,1981,2063,-400,172
2.9781,1981,2062,-400,172
2.9785,1981,2062,-400,172
2.9789,1981,2062,-400,172
2.9793,1981,2062,-500,180
2.9797,1981,2062,-500,180
2.9800,2001,2061,-500,172
2.9807,2001,2061,-500,172
2.9810,2001,2061,-500,180
2.9814,2001,2061,-500,180
2.9818,2001,2061,-500,180
2.9821,2001,2060,-500,180
2.9825,2001,2060,-500,180
2.9829,2001,2060,-500,180
2.9833,2001,2060,-500,176
2.9837,2001,2060,-500,176
2.9840,2001,2059,-500,176
2.9844,2001,2059,-500,176
2.9848,2001,2059,-500,176
2.9851,2001,2058,-500,176
2.9855,2001,2058,-500,176
2.9858,2001,2058,-500,176
2.9862,2001,2058,-500,176
2.9865,2001,2058,-500,176
2.9869,2001,2057,-500,176
2.9873,2001,2057,-500,176
2.9876,2001,2057,-500,176
2.9880,2001,2057,-500,176
2.9884,2001,2057,-500,176
2.9887,2001,2057,-500,176
2.9891,2001,2056,-500,176
2.9895,2001,2056,-500,176
2.9898,2001,2056,-500,176
2.9902,2022,2056,-500,184
2.9909,2022,2055,-500,176
2.9913,2022,2055,-500,176
2.9916,2022,2055,-500,176
2.9920,2022,2055,-500,184
2.9924,2022,2055,-500,184
2.9927,2022,2055,-500,184
2.9931,2022,2054,-500,176
2.9935,2022,2054,-500,176
2.9938,2022,2054,-500,176
2.9942,2022,2054,-500,184
2.9946,2022,2054,-500,184
2.9950,2022,2053,-500,184
2.9954,2022,2053,-500,184
2.9958,2022,2053,-500,184
2.9961,2022,2052,-500,176
2.9965,2022,2052,-500,176
2.9969,2022,2052,-500,184
2.9973,2022,2052,-500,184
2.9977,2022,2052,-500,184
2.9981,2022,2051,-500,176
2.9985,2022,2051,-500,176
2.9989,2022,2051,-550,184
2.9993,2022,2051,-550,184
2.9997,2022,2051,-550,184
3.0001,2043,2050,-550,176
3.0009,2043,2049,-550,176
3.0014,2043,2049,-550,176
3.0018,2043,2049,-550,176
3.0023,2043,2049,-550,184
3.0027,2043,2049,-550,184
3.0030,2043,2048,-550,168
3.0034,2043,2048,-550,168
3.0038,2043,2048,-550,176
3.0043,2043,2048,-550,176
3.0047,2043,2048,-550,176
3.0051,2043,2047,-550,168
3.0055,2043,2047,-550,168
3.0059,2043,2046,-550,168
3.0063,2043,2046,-550,168
3.0067,2043,2046,-550,168
3.0071,2043,2046,-550,168
3.0074,2043,2046,-550,168
3.0079,2043,2045,-550,168
3.0083,2043,2045,-550,168
3.0087,2043,2045,-550,168
3.0091,2043,2045,-550,168
3.0095,2043,2045,-550,168
3.0099,2043,2044,-550,168
3.0104,2065,2043,-550,160
3.0112,2065,2043,-550,160
3.0116,2065,2043,-550,160
3.0119,2065,2043,-550,168
3.0123,2065,2043,-550,168
3.0127,2065,2043,-550,168
3.0131,2065,2042,-550,160
3.0135,2065,2042,-550,160
3.0139,2065,2042,-550,168
3.0143,2065,2042,-550,168
3.0147,2065,2042,-550,168
3.0151,2065,2041,-550,160
3.0154,2065,2041,-550,160
3.0158,2065,2040,-550,160
3.0162,2065,2040,-550,160
3.0166,2065,2040,-550,160
3.0170,2065,2040,-550,160
3.0174,2065,2040,-550,160
3.0178,2065,2039,-550,160
3.0182,2065,2039,-550,160
3.0185,2065,2039,-550,160
3.0189,2065,2038,-650,152
3.0193,2065,2038,-650,152
3.0197,2065,2038,-650,152
3.0201,2086,2038,-650,160
3.0208,2086,2037,-650,152
3.0213,2086,2037,-650,152
3.0216,2086,2037,-650,152
3.0220,2086,2036,-650,152
3.0224,2086,2036,-650,152
3.0227,2086,2036,-650,152
3.0231,2086,2036,-650,144
3.0234,2086,2036,-650,144
3.0238,2086,2035,-650,136
3.0241,2086,2035,-650,136
3.0245,2086,2035,-650,136
3.0249,2086,2035,-650,144
3.0253,2086,2035,-650,144
3.0257,2086,2035,-650,144
3.0260,2086,2034,-650,136
3.0264,2086,2034,-650,136
3.0268,2086,2034,-650,144
3.0271,2086,2034,-650,144
3.0275,2086,2034,-650,144
3.0279,2086,2033,-650,136
3.0284,2086,2033,-650,136
3.0288,2086,2033,-650,144
3.0292,2086,2033,-650,144
3.0295,2086,2033,-650,144
3.0299,2086,2032,-650,136
3.0303,2106,2032,-650,136
3.0310,2106,2032,-650,136
3.0314,2106,2032,-650,136
3.0317,2106,2031,-650,136
3.0321,2106,2031,-650,136
3.0325,2106,2031,-650,136
3.0328,2106,2030,-650,128
3.0332,2106,2030,-650,128
3.0336,2106,2030,-650,128
3.0340,2106,2030,-650,136
3.0344,2106,2030,-650,136
3.0347,2106,2029,-650,128
3.0351,2106,2029,-650,128
3.0355,2106,2029,-650,128
3.0359,2106,2029,-650,128
3.0362,2106,2029,-650,128
3.0367,2106,2028,-650,128
3.0370,2106,2028,-650,128
3.0374,2106,2028,-650,128
3.0377,2106,2028,-650,128
3.0381,2106,2028,-650,128
3.0385,2106,2028,-650,128
3.0389,2106,2027,-550,120
3.0392,2106,2027,-550,120
3.0396,2106,2027,-550,128
3.0400,2125,2027,-550,128
3.0407,2125,2026,-550,120
3.0411,2125,2026,-550,120
3.0414,2125,2026,-550,120
3.0418,2125,2026,-550,120
3.0422,2125,2026,-550,120
3.0425,2125,2026,-550,120
3.0429,2125,2025,-550,116
3.0432,2125,2025,-550,116
3.0436,2125,2024,-550,108
3.0440,2125,2024,-550,108
3.0444,2125,2024,-550,108
3.0447,2125,2024,-550,108
3.0451,2125,2024,-550,108
3.0455,2125,2024,-550,108
3.0458,2125,2023,-550,108
3.0462,2125,2023,-550,108
3.0466,2125,2023,-550,108
3.0470,2125,2023,-550,108
3.0474,2125,2023,-550,108
3.0478,2125,2022,-550,100
3.0481,2125,2022,-550,100
3.0485,2125,2022,-550,100
3.0490,2125,2022,-550,108
3.0493,2125,2022,-550,108
3.0497,2125,2021,-550,100
3.0500,2143,2021,-550,100
3.0507,2143,2021,-550,100
3.0511,2143,2021,-550,100
3.0514,2143,2021,-550,100
3.0518,2143,2020,-550,100
3.0522,2143,2020,-550,100
3.0525,2143,2020,-550,100
3.0529,2143,2020,-550,100
3.0533,2143,2020,-550,100
3.0536,2143,2019,-550,92
3.0540,2143,2019,-550,92
3.0544,2143,2019,-550,92
3.0548,2143,2019,-550,100
3.0552,2143,2019,-550,100
3.0555,2143,2019,-550,100
3.0559,2143,2018,-550,92
3.0563,2143,2018,-550,92
3.0566,2143,2018,-550,92
3.0570,2143,2018,-550,92
3.0574,2143,2018,-550,92
3.0578,2143,2017,-550,84
3.0581,2143,2017,-550,84
3.0585,2143,2017,-550,84
3.0589,2143,2017,-500,92
3.0593,2143,2017,-500,92
3.0597,2143,2016,-500,84
3.0600,2160,2016,-500,84
3.0607,2160,2016,-500,84
3.0611,2160,2016,-500,84
3.0615,2160,2015,-500,76
3.0619,2160,2015,-500,76
3.0623,2160,2015,-500,76
3.0627,2160,2015,-500,80
3.0631,2160,2015,-500,80
3.0634,2160,2015,-500,80
3.0638,2160,2015,-500,80
3.0642,2160,2015,-500,80
3.0647,2160,2014,-500,72
3.0651,2160,2014,-500,72
3.0654,2160,2014,-500,72
3.0658,2160,2014,-500,72
3.0662,2160,2014,-500,72
3.0666,2160,2013,-500,72
3.0669,2160,2013,-500,72
3.0673,2160,2013,-500,72
3.0677,2160,2013,-500,72
3.0681,2160,2013,-500,72
3.0685,2160,2013,-500,72
3.0689,2160,2013,-500,72
3.0693,2160,2013,-500,72
3.0697,2160,2013,-500,72
3.0701,2175,2013,-500,72
3.0708,2175,2012,-500,64
3.0712,2175,2012,-500,64
3.0717,2175,2012,-500,72
3.0721,2175,2012,-500,72
3.0725,2175,2011,-500,64
3.0729,2175,2011,-500,64
3.0735,2175,2011,-500,64
3.0739,2175,2011,-500,64
3.0743,2175,2011,-500,64
3.0747,2175,2010,-500,56
3.0751,2175,2010,-500,56
3.0755,2175,2010,-500,56
3.0759,2175,2010,-500,56
3.0763,2175,2010,-500,56
3.0767,2175,2010,-500,64
3.0771,2175,2010,-500,64
3.0775,2175,2010,-500,64
3.0779,2175,2010,-500,64
3.0784,2175,2010,-500,64
3.0788,2175,2009,-400,56
3.0792,2175,2009,-400,56
3.0797,2175,2009,-400,56
3.0801,2187,2009,-400,56
3.0808,2187,2008,-400,48
3.0812,2187,2008,-400,48
3.0817,2187,2008,-400,48
3.0821,2187,2008,-400,48
3.0825,2187,2008,-400,60
3.0829,2187,2008,-400,60
3.0833,2187,2008,-400,60
3.0837,2187,2007,-400,52
3.0841,2187,2007,-400,52
3.0845,2187,2007,-400,52
3.0849,2187,2007,-400,52
3.0853,2187,2007,-400,52
3.0857,2187,2007,-400,52
3.0861,2187,2007,-400,52
3.0865,2187,2007,-400,52
3.0868,2187,2007,-400,52
3.0872,2187,2007,-400,52
3.0877,2187,2007,-400,52
3.0880,2187,2007,-400,52
3.0884,2187,2006,-400,44
3.0888,2187,2006,-400,44
3.0892,2187,2006,-400,44
3.0896,2187,2006,-400,44
3.0900,2187,2006,-400,44
3.0904,2198,2006,-400,44
3.0912,2198,2006,-400,44
3.0916,2198,2006,-400,52
3.0920,2198,2006,-400,52
3.0924,2198,2005,-400,44
3.0928,2198,2005,-400,44
3.0931,2198,2005,-400,44
3.0935,2198,2005,-400,44
3.0939,2198,2005,-400,44
3.0943,2198,2005,-400,44
3.0946,2198,2005,-400,44
3.0950,2198,2005,-400,44
3.0954,2198,2004,-400,36
3.0958,2198,2004,-400,36
3.0961,2198,2004,-400,36
3.0965,2198,2004,-400,36
3.0969,2198,2004,-400,36
3.0972,2198,2004,-400,36
3.0976,2198,2004,-400,36
3.0980,2198,2004,-400,36
3.0984,2198,2004,-250,36
3.0988,2198,2004,-250,36
3.0992,2198,2004,-250,36
3.0997,2198,2003,-250,28
3.1001,2205,2003,-250,28
3.1008,2205,2003,-250,28
3.1012,2205,2003,-250,28
3.1017,2205,2003,-250,28
3.1021,2205,2003,-250,28
3.1025,2205,2003,-250,24
3.1029,2205,2003,-250,24
3.1033,2205,2003,-250,24
3.1037,2205,2003,-250,24
3.1041,2205,2003,-250,24
3.1045,2205,2002,-250,0
3.1049,2205,2002,-250,0
3.1053,2205,2002,-250,0
3.1057,2205,2002,-250,0
3.1062,2205,2002,-250,0
3.1066,2205,2002,-250,0
3.1070,2205,2002,-250,0
3.1075,2205,2002,-250,0
3.1079,2205,2002,-250,0
3.1083,2205,2002,-250,0
3.1087,2205,2002,-250,0
3.1091,2205,2002,-250,0
3.1095,2205,2002,-250,0
3.1099,2205,2002,-250,0
3.1104,2211,2001,-250,-24
3.1112,2211,2001,-250,-24
3.1116,2211,2001,-250,-24
3.1120,2211,2001,-250,-24
3.1124,2211,2001,-250,-32
3.1128,2211,2001,-250,-32
3.1132,2211,2001,-250,-32
3.1137,2211,2001,-250,-32
3.1141,2211,2001,-250,-32
3.1146,2211,2001,-250,-32
3.1150,2211,2001,-250,-32
3.1154,2211,2001,-250,-32
3.1159,2211,2001,-250,-32
3.1163,2211,2001,-250,-32
3.1167,2211,2001,-250,-32
3.1171,2211,2001,-250,-32
3.1175,2211,2000,-250,-32
3.1179,2211,2000,-250,-32
3.1183,2211,2000,-200,-32
3.1187,2211,2000,-200,-32
3.1190,2211,2000,-200,-32
3.1194,2211,2000,-200,-32
3.1198,2211,2000,-200,-32
3.1201,2213,2000,-200,-32
3.1208,2213,2000,-200,-32
3.1212,2213,2000,-200,-32
3.1215,2213,2000,-200,-32
3.1219,2213,2000,-200,-32
3.1223,2213,2000,-200,-28
3.1227,2213,2000,-200,-28
3.1231,2213,2000,-200,-28
3.1235,2213,2000,-200,-28
3.1239,2213,2000,-200,-28
3.1243,2213,2000,-200,-28
3.1246,2213,2000,-200,-28
3.1250,2213,2000,-200,-28
3.1254,2213,2000,-200,-28
3.1258,2213,2000,-200,-28
3.1261,2213,2000,-200,-28
3.1265,2213,2000,-200,-28
3.1269,2213,2000,-200,-28
3.1273,2213,2000,-200,-36
3.1277,2213,2000,-200,-36
3.1280,2213,2000,-200,-36
3.1284,2213,2000,-200,-36
3.1288,2213,2000,-200,-36
3.1291,2213,2000,-200,-36
3.1295,2213,2000,-200,-36
3.1299,2213,2000,-200,-36
3.1303,2213,2000,-200,-36
3.1310,2213,2000,-200,-36
3.1314,2213,2000,-200,-36
3.1317,2213,2000,-200,-36
3.1321,2213,2000,-200,-36
3.1325,2213,2000,-200,-44
3.1329,2213,2000,-200,-44
3.1333,2213,2000,-200,-44
3.1336,2213,2000,-200,-44
3.1341,2213,2000,-200,-44
3.1344,2213,2000,-200,-44
3.1348,2213,2000,-200,-44
3.1351,2213,2000,-200,-44
3.1355,2213,2000,-200,-44
3.1359,2213,2000,-200,-44
3.1363,2213,2000,-200,-44
3.1366,2213,2000,-200,-44
3.1370,2213,2000,-200,-44
3.1374,2213,2000,-200,-52
3.1377,2213,2000,-200,-52
3.1381,2213,2000,-200,-52
3.1385,2213,2000,0,-52
3.1389,2213,2000,0,-52
3.1393,2213,2000,0,-52
3.1396,2213,2000,0,-52
3.1400,2211,2000,0,-52
3.1407,2211,2000,0,-52
3.1411,2211,2000,0,-52
3.1414,2211,2000,0,-60
3.1418,2211,2000,0,-60
3.1422,2211,2000,0,-64
3.1427,2211,2000,0,-64
3.1431,2211,2000,0,-64
3.1435,2211,2000,0,-64
3.1438,2211,2000,0,-64
3.1442,2211,2000,0,-64
3.1446,2211,2000,0,-64
3.1450,2211,2000,0,-64
3.1454,2211,2000,0,-72
3.1457,2211,2000,0,-72
3.1461,2211,2000,0,-72
3.1465,2211,2000,0,-72
3.1468,2211,2000,0,-72
3.1472,2211,2000,0,-72
3.1476,2211,2000,0,-72
3.1480,2211,2000,0,-72
3.1484,2211,2000,0,-72
3.1488,2211,2000,0,-72
3.1491,2211,2000,0,-80
3.1495,2211,2000,0,-80
3.1499,2211,2000,0,-80
3.1503,2205,2000,0,-80
3.1510,2205,2000,0,-80
3.1514,2205,2000,0,-80
3.1518,2205,2000,0,-80
3.1522,2205,2000,0,-88
3.1527,2205,2000,0,-88
3.1531,2205,2000,0,-88
3.1535,2205,2000,0,-88
3.1539,2205,2000,0,-88
3.1543,2205,2000,0,-88
3.1547,2205,2000,0,-88
3.1551,2205,2000,0,-96
3.1555,2205,2000,0,-96
3.1558,2205,2000,0,-96
3.1563,2205,2000,0,-96
3.1566,2205,2000,0,-96
3.1571,2205,2000,0,-96
3.1575,2205,2000,0,-96
3.1578,2205,2000,0,-96
3.1583,2205,2001,50,-96
3.1587,2205,2001,50,-96
3.1590,2205,2001,50,-96
3.1594,2205,2001,50,-96
3.1598,2205,2001,50,-96
3.1602,2197,2001,50,-96
3.1610,2197,2001,50,-96
3.1614,2197,2001,50,-104
3.1618,2197,2001,50,-104
3.1622,2197,2002,50,-96
3.1626,2197,2002,50,-96
3.1630,2197,2002,50,-96
3.1634,2197,2002,50,-96
3.1638,2197,2002,50,-96
3.1642,2197,2002,50,-104
3.1647,2197,2002,50,-104
3.1651,2197,2002,50,-104
3.1654,2197,2002,50,-104
3.1658,2197,2002,50,-104
3.1662,2197,2002,50,-104
3.1667,2197,2002,50,-104
3.1670,2197,2003,50,-104
3.1674,2197,2003,50,-104
3.1678,2197,2003,50,-104
3.1682,2197,2003,50,-104
3.1686,2197,2003,50,-104
3.1689,2197,2003,50,-104
3.1693,2197,2003,50,-112
3.1697,2197,2003,50,-112
3.1702,2187,2003,50,-112
3.1709,2187,2003,50,-112
3.1714,2187,2004,50,-104
3.1718,2187,2004,50,-104
3.1721,2187,2004,50,-112
3.1725,2187,2004,50,-112
3.1729,2187,2004,50,-112
3.1733,2187,2004,50,-112
3.1737,2187,2004,50,-112
3.1740,2187,2004,50,-120
3.1744,2187,2004,50,-120
3.1749,2187,2005,50,-112
3.1754,2187,2005,50,-112
3.1758,2187,2005,50,-112
3.1762,2187,2005,50,-112
3.1767,2187,2005,50,-112
3.1770,2187,2005,50,-120
3.1774,2187,2005,50,-120
3.1778,2187,2005,50,-120
3.1782,2187,2006,250,-112
3.1786,2187,2006,250,-112
3.1789,2187,2006,250,-112
3.1793,2187,2006,250,-120
3.1797,2187,2006,250,-120
3.1801,2174,2006,250,-120
3.1808,2174,2006,250,-120
3.1812,2174,2007,250,-120
3.1817,2174,2007,250,-120
3.1821,2174,2007,250,-116
3.1825,2174,2007,250,-116
3.1829,2174,2007,250,-116
3.1833,2174,2007,250,-116
3.1837,2174,2007,250,-116
3.1841,2174,2007,250,-124
3.1845,2174,2007,250,-124
3.1849,2174,2007,250,-124
3.1853,2174,2007,250,-124
3.1857,2174,2007,250,-124
3.1861,2174,2008,250,-124
3.1865,2174,2008,250,-124
3.1868,2174,2008,250,-124
3.1872,2174,2008,250,-124
3.1876,2174,2008,250,-124
3.1880,2174,2009,250,-124
3.1884,2174,2009,250,-124
3.1887,2174,2009,250,-124
3.1891,2174,2009,250,-124
3.1895,2174,2009,250,-124
3.1898,2174,2009,250,-124
3.1902,2160,2009,250,-132
3.1909,2160,2009,250,-132
3.1913,2160,2010,250,-124
3.1917,2160,2010,250,-124
3.1921,2160,2010,250,-132
3.1924,2160,2010,250,-132
3.1929,2160,2010,250,-132
3.1932,2160,2010,250,-132
3.1937,2160,2010,250,-132
3.1940,2160,2011,250,-132
3.1944,2160,2011,250,-132
3.1948,2160,2011,250,-132
3.1952,2160,2011,250,-132
3.1956,2160,2011,250,-132
3.1960,2160,2012,250,-132
3.1964,2160,2012,250,-132
3.1967,2160,2012,250,-132
3.1971,2160,2012,250,-132
3.1975,2160,2012,250,-132
3.1979,2160,2012,250,-132
3.1983,2160,2012,300,-140
3.1986,2160,2012,300,-140
3.1990,2160,2012,300,-140
3.1994,2160,2012,300,-140
3.1998,2160,2012,300,-140
3.2002,2143,2013,300,-140
3.2009,2143,2013,300,-140
3.2013,2143,2013,300,-140
3.2017,2143,2013,300,-140
3.2021,2143,2014,300,-140
3.2025,2143,2014,300,-140
3.2029,2143,2014,300,-148
3.2033,2143,2014,300,-148
3.2037,2143,2014,300,-148
3.2042,2143,2014,300,-148
3.2047,2143,2014,300,-148
3.2050,2143,2015,300,-148
3.2054,2143,2015,300,-148
3.2058,2143,2015,300,-148
3.2062,2143,2015,300,-148
3.2067,2143,2015,300,-148
3.2070,2143,2016,300,-148
3.2075,2143,2016,300,-148
3.2079,2143,2016,300,-148
3.2083,2143,2016,300,-148
3.2087,2143,2016,300,-148
3.2091,2143,2016,300,-156
3.2095,2143,2016,300,-156
3.2099,2143,2017,300,-156
3.2103,2125,2017,300,-156
3.2111,2125,2017,300,-156
3.2114,2125,2017,300,-156
3.2118,2125,2018,300,-156
3.2122,2125,2018,300,-156
3.2127,2125,2018,300,-156
3.2131,2125,2018,300,-156
3.2136,2125,2018,300,-156
3.2139,2125,2019,300,-156
3.2143,2125,2019,300,-156
3.2147,2125,2019,300,-156
3.2151,2125,2019,300,-164
3.2155,2125,2019,300,-164
3.2159,2125,2020,300,-156
3.2163,2125,2020,300,-156
3.2167,2125,2020,300,-156
3.2171,2125,2020,300,-164
3.2176,2125,2020,300,-164
3.2180,2125,2020,400,-172
3.2184,2125,2020,400,-172
3.2187,2125,2020,400,-172
3.2191,2125,2021,400,-164
3.2195,2125,2021,400,-164
3.2198,2125,2021,400,-172
3.2202,2105,2021,400,-172
3.2210,2105,2021,400,-172
3.2214,2105,2021,400,-172
3.2218,2105,2022,400,-176
3.2221,2105,2022,400,-176
3.2225,2105,2022,400,-176
3.2229,2105,2022,400,-184
3.2234,2105,2022,400,-184
3.2238,2105,2023,400,-176
3.2241,2105,2023,400,-176
3.2245,2105,2023,400,-176
3.2249,2105,2023,400,-184
3.2253,2105,2023,400,-184
3.2257,2105,2023,400,-184
3.2261,2105,2024,400,-184
3.2264,2105,2024,400,-184
3.2268,2105,2024,400,-184
3.2272,2105,2024,400,-184
3.2276,2105,2024,400,-184
3.2280,2105,2025,400,-184
3.2284,2105,2025,400,-184
3.2287,2105,2026,400,-184
3.2291,2105,2026,400,-184
3.2295,2105,2026,400,-184
3.2299,2105,2026,400,-184
3.2303,2085,2026,400,-184
3.2310,2085,2027,400,-184
3.2314,2085,2027,400,-184
3.2317,2085,2027,400,-192
3.2321,2085,2027,400,-192
3.2325,2085,2027,400,-192
3.2328,2085,2027,400,-200
3.2333,2085,2027,400,-200
3.2336,2085,2027,400,-200
3.2341,2085,2028,400,-192
3.2345,2085,2028,400,-192
3.2348,2085,2029,400,-192
3.2352,2085,2029,400,-192
3.2356,2085,2029,400,-192
3.2360,2085,2029,400,-200
3.2364,2085,2029,400,-200
3.2368,2085,2030,400,-192
3.2371,2085,2030,400,-192
3.2375,2085,2030,400,-192
3.2379,2085,2030,500,-200
3.2383,2085,2030,500,-200
3.2386,2085,2030,500,-200
3.2390,2085,2031,500,-200
3.2394,2085,2031,500,-200
3.2397,2085,2032,500,-192
3.2401,2064,2032,500,-192
3.2408,2064,2032,500,-200
3.2411,2064,2032,500,-200
3.2415,2064,2032,500,-200
3.2419,2064,2033,500,-184
3.2423,2064,2033,500,-184
3.2426,2064,2033,500,-184
3.2430,2064,2033,500,-192
3.2434,2064,2033,500,-192
3.2437,2064,2034,500,-192
3.2441,2064,2034,500,-192
3.2445,2064,2034,500,-192
3.2448,2064,2034,500,-192
3.2452,2064,2034,500,-192
3.2455,2064,2034,500,-192
3.2459,2064,2035,500,-192
3.2463,2064,2035,500,-192
3.2466,2064,2035,500,-192
3.2470,2064,2036,500,-192
3.2474,2064,2036,500,-192
3.2477,2064,2036,500,-192
3.2481,2064,2036,500,-192
3.2484,2064,2036,500,-192
3.2488,2064,2037,500,-192
3.2491,2064,2037,500,-192
3.2495,2064,2037,500,-192
3.2499,2064,2038,500,-184
3.2503,2042,2038,500,-192
3.2510,2042,2038,500,-192
3.2514,2042,2038,500,-192
3.2517,2042,2039,500,-192
3.2521,2042,2039,500,-192
3.2525,2042,2039,500,-192
3.2528,2042,2040,500,-184
3.2532,2042,2040,500,-184
3.2537,2042,2040,500,-192
3.2540,2042,2040,500,-192
3.2544,2042,2040,500,-192
3.2548,2042,2041,500,-184
3.2551,2042,2041,500,-184
3.2555,2042,2041,500,-184
3.2559,2042,2042,500,-184
3.2563,2042,2042,500,-184
3.2566,2042,2042,500,-184
3.2570,2042,2042,500,-184
3.2574,2042,2042,500,-184
3.2577,2042,2043,650,-184
3.2581,2042,2043,650,-184
3.2585,2042,2043,650,-184
3.2588,2042,2043,650,-192
3.2592,2042,2043,650,-192
3.2596,2042,2043,650,-192
3.2599,2042,2044,650,-184
3.2603,2021,2044,650,-192
3.2610,2021,2044,650,-192
3.2614,2021,2044,650,-192
3.2618,2021,2045,650,-176
3.2622,2021,2045,650,-176
3.2627,2021,2045,650,-184
3.2631,2021,2045,650,-184
3.2634,2021,2045,650,-184
3.2638,2021,2046,650,-176
3.2642,2021,2046,650,-176
3.2647,2021,2047,650,-176
3.2651,2021,2047,650,-176
3.2654,2021,2047,650,-176
3.2658,2021,2048,650,-168
3.2662,2021,2048,650,-168
3.2667,2021,2048,650,-176
3.2671,2021,2048,650,-176
3.2675,2021,2048,650,-176
3.2679,2021,2049,650,-168
3.2683,2021,2049,650,-168
3.2687,2021,2049,650,-176
3.2690,2021,2049,650,-176
3.2694,2021,2049,650,-176
3.2697,2021,2050,650,-168
3.2701,2000,2050,650,-168
3.2708,2000,2051,650,-168
3.2712,2000,2051,650,-168
3.2715,2000,2051,650,-168
3.2719,2000,2051,650,-168
3.2723,2000,2051,650,-168
3.2726,2000,2052,650,-168
3.2730,2000,2052,650,-168
3.2734,2000,2052,650,-168
3.2737,2000,2053,650,-160
3.2741,2000,2053,650,-160
3.2744,2000,2053,650,-160
3.2748,2000,2054,650,-160
3.2752,2000,2054,650,-160
3.2758,2000,2054,650,-160
3.2761,2000,2054,650,-160
3.2765,2000,2055,650,-160
3.2769,2000,2055,650,-160
3.2773,2000,2055,650,-160
3.2776,2000,2055,600,-160
3.2780,2000,2055,600,-160
3.2784,2000,2055,600,-160
3.2787,2000,2056,600,-160
3.2791,2000,2056,600,-160
3.2795,2000,2056,600,-160
3.2798,2000,2057,600,-152
3.2802,1980,2057,600,-160
3.2809,1980,2057,600,-160
3.2813,1980,2057,600,-160
3.2816,1980,2058,600,-140
3.2820,1980,2058,600,-140
3.2824,1980,2058,600,-140
3.2828,1980,2059,600,-132
3.2831,1980,2059,600,-132
3.2835,1980,2059,600,-140
3.2839,1980,2059,600,-140
3.2843,1980,2059,600,-140
3.2847,1980,2060,600,-132
3.2850,1980,2060,600,-132
3.2854,1980,2060,600,-132
3.2858,1980,2061,600,-132
3.2861,1980,2061,600,-132
3.2865,1980,2061,600,-132
3.2869,1980,2061,600,-132
3.2873,1980,2061,600,-132
3.2876,1980,2062,600,-132
3.2880,1980,2062,600,-132
3.2884,1980,2062,600,-132
3.2887,1980,2063,600,-124
3.2891,1980,2063,600,-124
3.2894,1980,2063,600,-124
3.2898,1980,2063,600,-124
3.2901,1961,2063,600,-132
3.2908,1961,2063,600,-132
3.2912,1961,2063,600,-132
3.2915,1961,2064,600,-124
3.2919,1961,2064,600,-124
3.2923,1961,2064,600,-124
3.2926,1961,2065,600,-116
3.2930,1961,2065,600,-116
3.2933,1961,2065,600,-116
3.2937,1961,2065,600,-124
3.2941,1961,2065,600,-124
3.2944,1961,2066,600,-116
3.2948,1961,2066,600,-116
3.2951,1961,2066,600,-116
3.2955,1961,2066,600,-124
3.2959,1961,2066,600,-124
3.2963,1961,2066,600,-124
3.2967,1961,2067,600,-116
3.2970,1961,2067,600,-116
3.2974,1961,2067,600,-116
3.2977,1961,2067,600,-116
3.2981,1961,2067,600,-116
3.2985,1961,2068,600,-116
3.2988,1961,2068,600,-116
3.2992,1961,2068,600,-116
3.2996,1961,2068,600,-116
3.3000,1943,2068,600,-116
3.3007,1943,2069,600,-108
3.3011,1943,2069,600,-108
3.3014,1943,2069,600,-116
3.3018,1943,2069,600,-116
3.3022,1943,2069,600,-116
3.3025,1943,2070,600,-108
3.3029,1943,2070,600,-108
3.3033,1943,2070,600,-108
3.3037,1943,2070,600,-108
3.3040,1943,2070,600,-108
3.3045,1943,2071,600,-108
3.3049,1943,2071,600,-108
3.3053,1943,2071,600,-108
3.3057,1943,2071,600,-108
3.3061,1943,2071,600,-108
3.3065,1943,2071,600,-108
3.3069,1943,2071,600,-108
3.3073,1943,2071,600,-108
3.3077,1943,2072,600,-108
3.3081,1943,2072,600,-108
3.3085,1943,2073,600,-100
3.3089,1943,2073,600,-100
3.3094,1943,2073,600,-100
3.3098,1943,2073,600,-100
3.3102,1926,2074,600,-100
3.3109,1926,2074,600,-100
3.3113,1926,2074,600,-100
3.3117,1926,2074,600,-100
3.3121,1926,2074,600,-100
3.3125,1926,2075,600,-92
3.3129,1926,2075,600,-92
3.3132,1926,2075,600,-92
3.3137,1926,2075,600,-92
3.3140,1926,2075,600,-92
3.3144,1926,2076,600,-92
3.3148,1926,2076,600,-92
3.3152,1926,2076,600,-92
3.3157,1926,2076,600,-92
3.3161,1926,2076,600,-92
3.3165,1926,2076,600,-92
3.3169,1926,2076,600,-92
3.3173,1926,2077,500,-84
3.3177,1926,2077,500,-84
3.3181,1926,2077,500,-84
3.3185,1926,2077,500,-92
3.3189,1926,2077,500,-92
3.3193,1926,2078,500,-84
3.3197,1926,2078,500,-84
3.3201,1911,2078,500,-84
3.3208,1911,2078,500,-84
3.3212,1911,2078,500,-84
3.3216,1911,2079,500,-68
3.3220,1911,2079,500,-68
3.3224,1911,2079,500,-76
3.3228,1911,2079,500,-76
3.3232,1911,2079,500,-76
3.3236,1911,2080,500,-68
3.3239,1911,2080,500,-68
3.3243,1911,2080,500,-68
3.3248,1911,2080,500,-68
3.3252,1911,2080,500,-68
3.3256,1911,2080,500,-68
3.3260,1911,2080,500,-68
3.3264,1911,2081,500,-68
3.3268,1911,2081,500,-68
3.3272,1911,2081,500,-68
3.3275,1911,2081,500,-68
3.3279,1911,2081,500,-68
3.3283,1911,2082,500,-60
3.3287,1911,2082,500,-60
3.3291,1911,2082,500,-60
3.3295,1911,2082,500,-60
3.3298,1911,2082,500,-60
3.3302,1899,2083,500,-52
3.3310,1899,2083,500,-52
3.3315,1899,2083,500,-60
3.3319,1899,2083,500,-60
3.3323,1899,2083,500,-60
3.3327,1899,2083,500,-60
3.3331,1899,2083,500,-60
3.3334,1899,2084,500,-52
3.3338,1899,2084,500,-52
3.3342,1899,2084,500,-52
3.3347,1899,2084,500,-52
3.3351,1899,2084,500,-52
3.3354,1899,2084,500,-52
3.3358,1899,2084,500,-52
3.3362,1899,2084,500,-52
3.3365,1899,2084,500,-52
3.3369,1899,2084,500,-52
3.3373,1899,2085,400,-52
3.3377,1899,2085,400,-52
3.3381,1899,2085,400,-52
3.3385,1899,2085,400,-52
3.3389,1899,2085,400,-52
3.3393,1899,2085,400,-52
3.3396,1899,2085,400,-52
3.3400,1889,2086,400,-44
3.3407,1889,2086,400,-44
3.3410,1889,2086,400,-44
3.3414,1889,2086,400,-52
3.3418,1889,2086,400,-52
3.3422,1889,2086,400,-52
3.3426,1889,2086,400,-52
3.3430,1889,2086,400,-52
3.3434,1889,2086,400,-52
3.3437,1889,2086,400,-52
3.3441,1889,2086,400,-52
3.3445,1889,2087,400,-52
3.3449,1889,2087,400,-52
3.3453,1889,2087,400,-52
3.3456,1889,2087,400,-52
3.3460,1889,2087,400,-52
3.3464,1889,2088,400,-44
3.3467,1889,2088,400,-44
3.3471,1889,2088,400,-44
3.3476,1889,2088,400,-44
3.3480,1889,2088,400,-44
3.3483,1889,2088,400,-44
3.3487,1889,2088,400,-44
3.3491,1889,2088,400,-44
3.3495,1889,2088,400,-44
3.3499,1889,2088,400,-44
3.3503,1881,2088,400,-44
3.3510,1881,2088,400,-44
3.3514,1881,2089,400,-36
3.3518,1881,2089,400,-36
3.3521,1881,2089,400,-36
3.3525,1881,2089,400,-36
3.3529,1881,2089,400,-36
3.3533,1881,2089,400,-44
3.3536,1881,2089,400,-44
3.3540,1881,2089,400,-44
3.3544,1881,2089,400,-44
3.3548,1881,2089,400,-44
3.3552,1881,2090,400,-36
3.3555,1881,2090,400,-36
3.3559,1881,2090,400,-36
3.3562,1881,2090,400,-36
3.3566,1881,2090,400,-36
3.3570,1881,2090,400,-36
3.3574,1881,2090,250,-36
3.3578,1881,2090,250,-36
3.3582,1881,2090,250,-36
3.3586,1881,2090,250,-36
3.3589,1881,2090,250,-36
3.3593,1881,2090,250,-36
3.3597,1881,2090,250,-36
3.3600,1875,2090,250,-36
3.3609,1875,2090,250,-36
3.3613,1875,2091,250,-28
3.3616,1875,2091,250,-28
3.3620,1875,2091,250,-28
3.3623,1875,2091,250,-28
3.3627,1875,2091,250,-28
3.3631,1875,2091,250,-28
3.3634,1875,2091,250,-28
3.3638,1875,2091,250,-28
3.3642,1875,2091,250,-28
3.3645,1875,2091,250,-28
3.3649,1875,2091,250,-28
3.3653,1875,2091,250,-20
3.3656,1875,2091,250,-20
3.3660,1875,2091,250,-20
3.3664,1875,2091,250,-20
3.3668,1875,2091,250,-20
3.3672,1875,2092,250,20
3.3676,1875,2092,250,20
3.3680,1875,2092,250,20
3.3685,1875,2092,250,20
3.3689,1875,2092,250,20
3.3692,1875,2092,250,20
3.3696,1875,2092,250,20
3.3700,1873,2092,250,20
3.3707,1873,2092,250,20
3.3711,1873,2092,250,20
3.3714,1873,2092,250,20
3.3718,1873,2092,250,20
3.3722,1873,2093,250,28
3.3725,1873,2093,250,28
3.3729,1873,2093,250,28
3.3733,1873,2093,250,28
3.3737,1873,2093,250,28
3.3741,1873,2093,250,28
3.3745,1873,2093,250,28
3.3749,1873,2093,250,28
3.3753,1873,2093,250,28
3.3757,1873,2093,250,28
3.3760,1873,2093,250,28
3.3764,1873,2093,250,28
3.3768,1873,2093,250,28
3.3771,1873,2093,150,28
3.3775,1873,2093,150,28
3.3779,1873,2093,150,28
3.3783,1873,2093,150,28
3.3786,1873,2093,150,28
3.3790,1873,2093,150,28
3.3796,1873,2093,150,28
3.3800,1873,2093,150,28
3.3803,1873,2093,150,28
3.3812,1873,2093,150,28
3.3815,1873,2093,150,28
3.3819,1873,2093,150,28
3.3823,1873,2093,150,28
3.3826,1873,2093,150,28
3.3830,1873,2093,150,28
3.3834,1873,2093,150,28
3.3837,1873,2093,150,28
3.3841,1873,2093,150,28
3.3846,1873,2093,150,28
3.3850,1873,2093,150,28
3.3854,1873,2093,150,28
3.3858,1873,2093,150,28
3.3861,1873,2093,150,28
3.3865,1873,2093,150,28
3.3868,1873,2093,150,28
3.3872,1873,2093,150,28
3.3876,1873,2093,150,28
3.3880,1873,2093,150,36
3.3884,1873,2093,150,36
3.3887,1873,2093,150,36
3.3891,1873,2093,150,36
3.3897,1873,2093,150,36
3.3901,1875,2093,150,36
3.3909,1875,2093,150,36
3.3913,1875,2093,150,36
3.3916,1875,2093,150,36
3.3920,1875,2093,150,36
3.3924,1875,2093,150,36
3.3927,1875,2093,150,36
3.3931,1875,2093,150,44
3.3934,1875,2093,150,44
3.3938,1875,2093,150,44
3.3942,1875,2093,150,44
3.3945,1875,2093,150,44
3.3949,1875,2093,150,44
3.3953,1875,2093,150,44
3.3957,1875,2093,150,44
3.3960,1875,2093,150,44
3.3964,1875,2093,150,44
3.3968,1875,2093,150,44
3.3971,1875,2093,0,52
3.3975,1875,2093,0,52
3.3979,1875,2093,0,52
3.3983,1875,2093,0,52
3.3986,1875,2093,0,52
3.3990,1875,2093,0,52
3.3993,1875,2093,0,52
3.3997,1875,2093,0,52
3.4000,1881,2093,0,52
3.4010,1881,2093,0,64
3.4014,1881,2093,0,64
3.4017,1881,2093,0,64
3.4021,1881,2093,0,64
3.4025,1881,2093,0,64
3.4028,1881,2093,0,64
3.4032,1881,2093,0,64
3.4036,1881,2093,0,64
3.4040,1881,2093,0,64
3.4044,1881,2093,0,64
3.4047,1881,2093,0,64
3.4051,1881,2093,0,72
3.4068,1881,2093,0,72
3.4072,1881,2093,0,72
3.4077,1881,2093,0,72
3.4080,1881,2093,0,72
3.4084,1881,2093,0,72
3.4088,1881,2093,0,80
3.4093,1881,2093,0,80
3.4097,1881,2093,0,80
3.4101,1889,2093,0,80
3.4108,1889,2093,0,80
3.4111,1889,2093,0,80
3.4115,1889,2093,0,80
3.4118,1889,2093,0,80
3.4122,1889,2093,0,88
3.4126,1889,2093,0,88
3.4130,1889,2093,0,88
3.4134,1889,2093,0,88
3.4137,1889,2093,0,88
3.4141,1889,2093,0,88
3.4144,1889,2093,0,88
3.4148,1889,2093,0,88
3.4152,1889,2093,0,96
3.4156,1889,2093,0,96
3.4160,1889,2093,0,96
3.4164,1889,2093,0,96
3.4167,1889,2093,0,96
3.4171,1889,2093,0,96
3.4175,1889,2093,0,96
3.4178,1889,2093,0,104
3.4182,1889,2093,0,104
3.4186,1889,2093,0,104
3.4190,1889,2093,0,104
3.4194,1889,2093,0,104
3.4198,1889,2093,0,104
3.4202,1899,2093,0,104
3.4210,1899,2093,0,120
3.4214,1899,2093,0,120
3.4218,1899,2093,0,120
3.4222,1899,2093,0,120
3.4226,1899,2093,0,120
3.4230,1899,2093,0,120
3.4234,1899,2093,0,120
3.4238,1899,2093,0,128
3.4242,1899,2093,0,128
3.4247,1899,2093,0,128
3.4251,1899,2093,0,128
3.4255,1899,2093,0,128
3.4260,1899,2093,0,136
3.4264,1899,2093,0,136
3.4268,1899,2093,0,136
3.4272,1899,2093,0,136
3.4276,1899,2093,0,136
3.4280,1899,2093,0,136
3.4286,1899,2093,0,136
3.4290,1899,2092,0,136
3.4294,1899,2092,0,136
3.4298,1899,2092,0,136
3.4302,1912,2092,0,136
3.4309,1912,2092,0,144
3.4313,1912,2092,0,144
3.4317,1912,2091,0,136
3.4321,1912,2091,0,136
3.4326,1912,2091,0,136
3.4329,1912,2091,0,136
3.4333,1912,2091,0,136
3.4337,1912,2091,0,136
3.4341,1912,2091,0,144
3.4344,1912,2091,0,144
3.4348,1912,2091,0,144
3.4352,1912,2091,0,144
3.4357,1912,2091,0,144
3.4361,1912,2090,0,144
3.4364,1912,2090,0,144
3.4369,1912,2090,-150,144
3.4372,1912,2090,-150,144
3.4376,1912,2090,-150,144
3.4380,1912,2090,-150,152
3.4384,1912,2090,-150,152
3.4388,1912,2089,-150,144
3.4392,1912,2089,-150,144
3.4397,1912,2089,-150,144
3.4400,1926,2089,-150,144
3.4408,1926,2089,-150,144
3.4411,1926,2089,-150,144
3.4415,1926,2089,-150,144
3.4419,1926,2088,-150,136
3.4423,1926,2088,-150,136
3.4427,1926,2088,-150,136
3.4430,1926,2088,-150,144
3.4434,1926,2088,-150,144
3.4438,1926,2087,-150,136
3.4441,1926,2087,-150,136
3.4445,1926,2087,-150,136
3.4449,1926,2087,-150,144
3.4453,1926,2087,-150,144
3.4456,1926,2087,-150,144
3.4461,1926,2087,-150,144
3.4464,1926,2087,-150,144
3.4468,1926,2086,-150,144
3.4472,1926,2086,-150,144
3.4475,1926,2086,-150,144
3.4479,1926,2086,-150,144
3.4483,1926,2086,-150,144
3.4486,1926,2086,-150,144
3.4490,1926,2085,-150,144
3.4494,1926,2085,-150,144
3.4497,1926,2085,-150,144
3.4501,1943,2085,-150,144
3.4508,1943,2085,-150,152
3.4512,1943,2085,-150,152
3.4516,1943,2085,-150,152
3.4520,1943,2084,-150,144
3.4524,1943,2084,-150,144
3.4528,1943,2084,-150,152
3.4532,1943,2084,-150,152
3.4536,1943,2084,-150,152
3.4539,1943,2084,-150,152
3.4543,1943,2084,-150,152
3.4547,1943,2083,-150,152
3.4550,1943,2083,-150,152
3.4554,1943,2083,-150,152
3.4558,1943,2083,-150,152
3.4561,1943,2083,-150,152
3.4565,1943,2083,-150,152
3.4569,1943,2083,-350,160
3.4573,1943,2083,-350,160
3.4577,1943,2082,-350,152
3.4580,1943,2082,-350,152
3.4584,1943,2082,-350,152
3.4587,1943,2081,-350,152
3.4591,1943,2081,-350,152
3.4595,1943,2081,-350,152
3.4599,1943,2081,-350,152
3.4602,1961,2081,-350,152
3.4609,1961,2081,-350,152
3.4613,1961,2081,-350,152
3.4617,1961,2080,-350,152
3.4620,1961,2080,-350,152
3.4624,1961,2080,-350,152
3.4628,1961,2080,-350,152
3.4631,1961,2080,-350,152
3.4635,1961,2080,-350,152
3.4639,1961,2079,-350,152
3.4643,1961,2079,-350,152
3.4646,1961,2079,-350,152
3.4650,1961,2079,-350,152
3.4654,1961,2079,-350,152
3.4657,1961,2078,-350,152
3.4661,1961,2078,-350,152
3.4665,1961,2078,-350,152
3.4668,1961,2078,-350,152
3.4672,1961,2078,-350,152
3.4676,1961,2077,-350,152
3.4680,1961,2077,-350,152
3.4684,1961,2077,-350,152
3.4687,1961,2077,-350,160
3.4691,1961,2077,-350,160
3.4695,1961,2077,-350,160
3.4698,1961,2077,-350,160
3.4702,1981,2076,-350,160
3.4710,1981,2076,-350,160
3.4713,1981,2076,-350,160
3.4717,1981,2076,-350,160
3.4720,1981,2076,-350,160
3.4724,1981,2076,-350,160
3.4728,1981,2075,-350,160
3.4731,1981,2075,-350,160
3.4735,1981,2075,-350,160
3.4739,1981,2075,-350,168
3.4742,1981,2075,-350,168
3.4746,1981,2074,-350,160
3.4750,1981,2074,-350,160
3.4754,1981,2074,-350,160
3.4758,1981,2074,-350,168
3.4761,1981,2074,-350,168
3.4765,1981,2073,-500,168
3.4769,1981,2073,-500,168
3.4773,1981,2073,-500,168
3.4777,1981,2072,-500,160
3.4780,1981,2072,-500,160
3.4784,1981,2072,-500,160
3.4787,1981,2072,-500,168
3.4791,1981,2072,-500,168
3.4795,1981,2072,-500,168
3.4798,1981,2071,-500,168
3.4802,2001,2071,-500,168
3.4809,2001,2071,-500,168
3.4813,2001,2071,-500,168
3.4816,2001,2071,-500,176
3.4820,2001,2071,-500,176
3.4824,2001,2071,-500,176
3.4827,2001,2070,-500,168
3.4831,2001,2070,-500,168
3.4835,2001,2070,-500,168
3.4838,2001,2070,-500,176
3.4842,2001,2070,-500,176
3.4846,2001,2069,-500,176
3.4850,2001,2069,-500,176
3.4854,2001,2069,-500,176
3.4858,2001,2068,-500,176
3.4861,2001,2068,-500,176
3.4865,2001,2068,-500,176
3.4868,2001,2068,-500,176
3.4872,2001,2068,-500,176
3.4876,2001,2067,-500,176
3.4880,2001,2067,-500,176
3.4884,2001,2067,-500,176
3.4887,2001,2067,-500,184
3.4891,2001,2067,-500,184
3.4894,2001,2067,-500,184
3.4898,2001,2066,-500,176
3.4902,2022,2066,-500,184
3.4909,2022,2066,-500,184
3.4912,2022,2066,-500,184
3.4916,2022,2065,-500,184
3.4920,2022,2065,-500,184
3.4924,2022,2065,-500,184
3.4928,2022,2065,-500,184
3.4931,2022,2065,-500,184
3.4935,2022,2064,-500,184
3.4938,2022,2064,-500,184
3.4942,2022,2064,-500,184
3.4946,2022,2064,-500,192
3.4950,2022,2064,-500,192
3.4954,2022,2064,-500,192
3.4957,2022,2063,-500,184
3.4961,2022,2063,-500,184
3.4964,2022,2063,-500,184
3.4968,2022,2062,-550,184
3.4972,2022,2062,-550,184
3.4975,2022,2062,-550,192
3.4979,2022,2062,-550,192
3.4983,2022,2062,-550,192
3.4986,2022,2061,-550,184
3.4990,2022,2061,-550,184
3.4993,2022,2061,-550,184
3.4997,2022,2061,-550,192
3.5001,2043,2061,-550,192
3.5008,2043,2060,-550,184
3.5011,2043,2060,-550,184
3.5015,2043,2060,-550,192
3.5019,2043,2060,-550,192
3.5023,2043,2060,-550,192
3.5026,2043,2059,-550,192
3.5030,2043,2059,-550,192
3.5034,2043,2059,-550,192
3.5037,2043,2058,-550,184
3.5041,2043,2058,-550,184
3.5044,2043,2058,-550,192
3.5048,2043,2058,-550,192
3.5052,2043,2058,-550,192
3.5055,2043,2057,-550,184
3.5059,2043,2057,-550,184
3.5063,2043,2057,-550,184
3.5066,2043,2056,-550,184
3.5070,2043,2056,-550,184
3.5074,2043,2056,-550,184
3.5078,2043,2056,-550,192
3.5081,2043,2056,-550,192
3.5085,2043,2055,-550,184
3.5089,2043,2055,-550,184
3.5093,2043,2055,-550,184
3.5096,2043,2055,-550,192
3.5100,2064,2055,-550,192
3.5107,2064,2054,-550,184
3.5111,2064,2054,-550,184
3.5114,2064,2054,-550,192
3.5118,2064,2054,-550,192
3.5122,2064,2054,-550,192
3.5125,2064,2053,-550,192
3.5129,2064,2053,-550,192
3.5133,2064,2053,-550,192
3.5138,2064,2052,-550,184
3.5141,2064,2052,-550,184
3.5145,2064,2052,-550,192
3.5149,2064,2052,-550,192
3.5153,2064,2052,-550,192
3.5156,2064,2051,-550,184
3.5160,2064,2051,-550,184
3.5164,2064,2051,-550,192
3.5167,2064,2051,-550,192
3.5171,2064,2051,-550,192
3.5175,2064,2050,-550,184
3.5178,2064,2050,-550,184
3.5182,2064,2050,-550,184
3.5186,2064,2049,-550,184
3.5190,2064,2049,-550,184
3.5194,2064,2049,-550,184
3.5198,2064,2049,-550,184
3.5201,2086,2048,-550,176
3.5208,2086,2048,-550,176
3.5212,2086,2048,-550,176
3.5216,2086,2047,-550,168
3.5220,2086,2047,-550,168
3.5224,2086,2047,-550,176
3.5228,2086,2047,-550,176
3.5232,2086,2047,-550,176
3.5235,2086,2046,-550,168
3.5239,2086,2046,-550,168
3.5243,2086,2045,-550,168
3.5247,2086,2045,-550,168
3.5251,2086,2045,-550,168
3.5255,2086,2044,-550,160
3.5271,2086,2044,-550,168
3.5275,2086,2043,-550,160
3.5279,2086,2043,-550,160
3.5283,2086,2043,-550,160
3.5286,2086,2043,-550,168
3.5290,2086,2043,-550,168
3.5294,2086,2042,-550,160
3.5297,2086,2042,-550,160
3.5301,2106,2042,-550,168
3.5308,2106,2042,-550,168
3.5312,2106,2042,-550,168
3.5315,2106,2041,-550,160
3.5319,2106,2041,-550,160
3.5323,2106,2041,-550,160
3.5326,2106,2040,-550,160
3.5330,2106,2040,-550,160
3.5334,2106,2040,-550,160
3.5338,2106,2040,-550,160
3.5342,2106,2040,-550,160
3.5346,2106,2039,-550,160
3.5350,2106,2039,-550,160
3.5354,2106,2038,-550,152
3.5358,2106,2038,-550,152
3.5362,2106,2038,-550,152
3.5365,2106,2038,-650,160
3.5369,2106,2038,-650,160
3.5373,2106,2037,-650,152
3.5377,2106,2037,-650,152
3.5381,2106,2037,-650,152
3.5384,2106,2036,-650,144
3.5388,2106,2036,-650,144
3.5392,2106,2036,-650,144
3.5396,2106,2036,-650,152
3.5399,2106,2036,-650,152
3.5403,2126,2035,-650,128
3.5411,2126,2035,-650,128
3.5415,2126,2034,-650,128
3.5418,2126,2034,-650,128
3.5422,2126,2034,-650,128
3.5427,2126,2034,-650,128
3.5430,2126,2034,-650,128
3.5434,2126,2033,-650,128
3.5438,2126,2033,-650,128
3.5441,2126,2033,-650,128
3.5445,2126,2033,-650,128
3.5449,2126,2033,-650,128
3.5452,2126,2032,-650,120
3.5456,2126,2032,-650,120
3.5460,2126,2032,-650,120
3.5464,2126,2032,-650,128
3.5467,2126,2032,-650,128
3.5471,2126,2032,-650,128
3.5475,2126,2031,-650,120
3.5478,2126,2031,-650,120
3.5482,2126,2031,-650,120
3.5487,2126,2031,-650,128
3.5490,2126,2031,-650,128
3.5494,2126,2030,-650,120
3.5497,2126,2030,-650,120
3.5501,2144,2029,-650,112
3.5509,2144,2029,-650,112
3.5512,2144,2029,-650,120
3.5517,2144,2029,-650,120
3.5520,2144,2029,-650,120
3.5524,2144,2028,-650,112
3.5528,2144,2028,-650,112
3.5531,2144,2028,-650,112
3.5535,2144,2028,-650,112
3.5539,2144,2028,-650,112
3.5543,2144,2027,-650,112
3.5546,2144,2027,-650,112
3.5550,2144,2027,-650,112
3.5554,2144,2027,-650,112
3.5557,2144,2027,-650,112
3.5562,2144,2026,-600,104
3.5565,2144,2026,-600,104
3.5569,2144,2026,-600,104
3.5573,2144,2026,-600,112
3.5576,2144,2026,-600,112
3.5580,2144,2026,-600,112
3.5584,2144,2025,-600,104
3.5588,2144,2025,-600,104
3.5591,2144,2025,-600,104
3.5595,2144,2025,-600,104
3.5599,2144,2025,-600,104
3.5603,2160,2024,-600,108
3.5610,2160,2024,-600,108
3.5614,2160,2024,-600,108
3.5617,2160,2024,-600,108
3.5621,2160,2024,-600,108
3.5625,2160,2023,-600,100
3.5629,2160,2023,-600,100
3.5633,2160,2023,-600,108
3.5637,2160,2023,-600,108
3.5641,2160,2023,-600,108
3.5644,2160,2022,-600,100
3.5648,2160,2022,-600,100
3.5652,2160,2021,-600,92
3.5656,2160,2021,-600,92
3.5660,2160,2021,-600,92
3.5664,2160,2021,-600,100
3.5668,2160,2021,-600,100
3.5672,2160,2021,-600,100
3.5676,2160,2021,-600,100
3.5680,2160,2021,-600,100
3.5684,2160,2020,-600,92
3.5688,2160,2020,-600,92
3.5691,2160,2020,-600,92
3.5695,2160,2020,-600,92
3.5700,2160,2020,-600,92
3.5703,2175,2019,-600,92
3.5710,2175,2019,-600,92
3.5714,2175,2019,-600,92
3.5717,2175,2019,-600,92
3.5721,2175,2018,-600,84
3.5725,2175,2018,-600,84
3.5728,2175,2018,-600,84
3.5732,2175,2018,-600,92
3.5735,2175,2018,-600,92
3.5739,2175,2018,-600,92
3.5743,2175,2017,-600,84
3.5746,2175,2017,-600,84
3.5750,2175,2017,-600,84
3.5754,2175,2017,-600,84
3.5757,2175,2017,-600,84
3.5761,2175,2017,-450,84
3.5764,2175,2017,-450,84
3.5768,2175,2017,-450,84
3.5772,2175,2016,-450,84
3.5775,2175,2016,-450,84
3.5779,2175,2016,-450,84
3.5783,2175,2016,-450,84
3.5787,2175,2016,-450,84
3.5791,2175,2015,-450,76
3.5794,2175,2015,-450,76
3.5798,2175,2015,-450,76
3.5802,2187,2015,-450,72
3.5811,2187,2014,-450,64
3.5815,2187,2014,-450,64
3.5819,2187,2014,-450,64
3.5822,2187,2014,-450,72
3.5827,2187,2014,-450,72
3.5831,2187,2013,-450,64
3.5835,2187,2013,-450,64
3.5839,2187,2013,-450,64
3.5842,2187,2013,-450,64
3.5847,2187,2013,-450,64
3.5851,2187,2013,-450,64
3.5855,2187,2013,-450,64
3.5859,2187,2013,-450,64
3.5863,2187,2013,-450,64
3.5867,2187,2013,-450,64
3.5870,2187,2012,-450,64
3.5874,2187,2012,-450,64
3.5878,2187,2012,-450,64
3.5882,2187,2012,-450,64
3.5887,2187,2012,-450,64
3.5891,2187,2012,-450,64
3.5895,2187,2012,-450,64
3.5899,2187,2012,-450,64
3.5902,2198,2011,-450,56
3.5911,2198,2011,-450,56
3.5915,2198,2011,-450,56
3.5919,2198,2011,-450,56
3.5923,2198,2010,-450,56
3.5927,2198,2010,-450,56
3.5930,2198,2010,-450,56
3.5934,2198,2010,-450,56
3.5938,2198,2010,-450,56
3.5942,2198,2010,-450,56
3.5946,2198,2010,-450,56
3.5950,2198,2009,-450,48
3.5954,2198,2009,-450,48
3.5957,2198,2009,-450,48
3.5961,2198,2009,-400,48
3.5965,2198,2009,-400,48
3.5968,2198,2009,-400,48
3.5972,2198,2009,-400,48
3.5975,2198,2009,-400,48
3.5979,2198,2009,-400,48
3.5983,2198,2008,-400,40
3.5986,2198,2008,-400,40
3.5990,2198,2008,-400,48
3.5994,2198,2008,-400,48
3.5997,2198,2008,-400,48
3.6001,2205,2008,-400,52
3.6008,2205,2008,-400,52
3.6012,2205,2008,-400,52
3.6015,2205,2008,-400,52
3.6019,2205,2007,-400,44
3.6023,2205,2007,-400,44
3.6027,2205,2007,-400,44
3.6031,2205,2007,-400,44
3.6035,2205,2007,-400,44
3.6039,2205,2007,-400,44
3.6043,2205,2007,-400,44
3.6047,2205,2007,-400,44
3.6051,2205,2007,-400,44
3.6055,2205,2007,-400,44
3.6059,2205,2007,-400,44
3.6063,2205,2007,-400,44
3.6067,2205,2007,-400,44
3.6070,2205,2006,-400,36
3.6074,2205,2006,-400,36
3.6078,2205,2006,-400,36
3.6081,2205,2006,-400,36
3.6085,2205,2006,-400,36
3.6089,2205,2006,-400,44
3.6093,2205,2006,-400,44
3.6096,2205,2006,-400,44
3.6100,2211,2006,-400,44
3.6108,2211,2006,-400,44
3.6111,2211,2005,-400,36
3.6115,2211,2005,-400,36
3.6119,2211,2005,-400,36
3.6123,2211,2005,-400,36
3.6126,2211,2005,-400,36
3.6130,2211,2005,-400,36
3.6134,2211,2005,-400,36
3.6137,2211,2005,-400,36
3.6141,2211,2005,-400,36
3.6145,2211,2005,-400,36
3.6148,2211,2005,-400,36
3.6152,2211,2004,-400,28
3.6155,2211,2004,-400,28
3.6159,2211,2004,-250,28
3.6163,2211,2004,-250,28
3.6166,2211,2004,-250,28
3.6170,2211,2004,-250,28
3.6174,2211,2004,-250,28
3.6178,2211,2004,-250,28
3.6182,2211,2004,-250,28
3.6185,2211,2004,-250,28
3.6189,2211,2004,-250,28
3.6193,2211,2004,-250,28
3.6196,2211,2004,-250,28
3.6200,2211,2003,-250,0
3.6203,2213,2003,-250,0
3.6210,2213,2003,-250,0
3.6214,2213,2003,-250,0
3.6217,2213,2003,-250,0
3.6221,2213,2003,-250,-24
3.6225,2213,2003,-250,-24
3.6229,2213,2003,-250,-24
3.6233,2213,2003,-250,-24
3.6237,2213,2003,-250,-24
3.6240,2213,2003,-250,-24
3.6244,2213,2003,-250,-24
3.6248,2213,2003,-250,-24
3.6251,2213,2003,-250,-24
3.6255,2213,2003,-250,-24
3.6259,2213,2003,-250,-24
3.6263,2213,2003,-250,-24
3.6267,2213,2003,-250,-24
3.6270,2213,2002,-250,-32
3.6274,2213,2002,-250,-32
3.6278,2213,2002,-250,-32
3.6281,2213,2002,-250,-32
3.6285,2213,2002,-250,-32
3.6289,2213,2002,-250,-32
3.6293,2213,2002,-250,-32
3.6296,2213,2002,-250,-32
3.6300,2213,2002,-250,-32
3.6304,2213,2002,-250,-32
3.6311,2213,2002,-250,-32
3.6314,2213,2002,-250,-32
3.6318,2213,2002,-250,-32
3.6322,2213,2002,-250,-32
3.6326,2213,2002,-250,-32
3.6330,2213,2002,-250,-32
3.6334,2213,2002,-250,-32
3.6338,2213,2002,-250,-32
3.6341,2213,2002,-250,-32
3.6345,2213,2002,-250,-32
3.6349,2213,2002,-250,-32
3.6353,2213,2002,-250,-32
3.6357,2213,2002,-250,-32
3.6361,2213,2002,-100,-32
3.6365,2213,2002,-100,-32
3.6369,2213,2002,-100,-32
3.6373,2213,2002,-100,-32
3.6377,2213,2002,-100,-32
3.6381,2213,2002,-100,-32
3.6384,2213,2002,-100,-32
3.6388,2213,2002,-100,-32
3.6391,2213,2002,-100,-32
3.6395,2213,2002,-100,-32
3.6399,2213,2002,-100,-24
3.6403,2211,2002,-100,-24
3.6410,2211,2002,-100,-24
3.6414,2211,2002,-100,-24
3.6419,2211,2001,-100,-32
3.6423,2211,2001,-100,-32
3.6426,2211,2001,-100,-32
3.6430,2211,2001,-100,-32
3.6434,2211,2001,-100,-32
3.6438,2211,2001,-100,-40
3.6441,2211,2001,-100,-40
3.6445,2211,2001,-100,-40
3.6449,2211,2001,-100,-40
3.6453,2211,2001,-100,-40
3.6457,2211,2001,-100,-40
3.6460,2211,2001,-100,-40
3.6464,2211,2001,-100,-40
3.6468,2211,2001,-100,-40
3.6471,2211,2001,-100,-40
3.6475,2211,2001,-100,-40
3.6479,2211,2001,-100,-40
3.6483,2211,2001,-100,-40
3.6486,2211,2001,-100,-40
3.6490,2211,2001,-100,-48
3.6494,2211,2001,-100,-48
3.6497,2211,2001,-100,-48
3.6501,2205,2001,-100,-48
3.6508,2205,2001,-100,-48
3.6512,2205,2001,-100,-48
3.6515,2205,2001,-100,-48
3.6519,2205,2001,-100,-48
3.6522,2205,2001,-100,-48
3.6526,2205,2001,-100,-48
3.6531,2205,2001,-100,-56
3.6535,2205,2001,-100,-56
3.6539,2205,2001,-100,-56
3.6543,2205,2001,-100,-56
3.6546,2205,2001,-100,-56
3.6550,2205,2001,-100,-56
3.6554,2205,2001,-100,-56
3.6558,2205,2001,-50,-56
3.6561,2205,2001,-50,-56
3.6565,2205,2001,-50,-56
3.6569,2205,2001,-50,-64
3.6573,2205,2001,-50,-64
3.6576,2205,2001,-50,-64
3.6580,2205,2001,-50,-64
3.6583,2205,2001,-50,-64
3.6588,2205,2001,-50,-64
3.6591,2205,2001,-50,-64
3.6595,2205,2001,-50,-64
3.6599,2205,2001,-50,-76
3.6602,2197,2001,-50,-76
3.6610,2197,2001,-50,-84
3.6614,2197,2001,-50,-84
3.6617,2197,2001,-50,-84
3.6621,2197,2001,-50,-84
3.6625,2197,2001,-50,-84
3.6628,2197,2001,-50,-84
3.6634,2197,2001,-50,-84
3.6637,2197,2001,-50,-84
3.6641,2197,2001,-50,-84
3.6644,2197,2001,-50,-84
3.6648,2197,2001,-50,-92
3.6652,2197,2001,-50,-92
3.6656,2197,2001,-50,-92
3.6660,2197,2001,-50,-92
3.6664,2197,2001,-50,-92
3.6668,2197,2001,-50,-92
3.6672,2197,2001,-50,-92
3.6677,2197,2001,-50,-100
3.6680,2197,2001,-50,-100
3.6684,2197,2001,-50,-100
3.6688,2197,2001,-50,-100
3.6691,2197,2001,-50,-100
3.6695,2197,2001,-50,-100
3.6699,2197,2001,-50,-100
3.6703,2187,2001,-50,-108
3.6710,2187,2001,-50,-108
3.6714,2187,2001,-50,-108
3.6717,2187,2001,-50,-108
3.6721,2187,2001,-50,-108
3.6725,2187,2001,-50,-108
3.6728,2187,2001,-50,-108
3.6732,2187,2001,-50,-108
3.6736,2187,2001,-50,-108
3.6739,2187,2001,-50,-116
3.6743,2187,2001,-50,-116
3.6747,2187,2001,-50,-116
3.6751,2187,2001,-50,-116
3.6754,2187,2001,-50,-116
3.6758,2187,2001,0,-116
3.6762,2187,2001,0,-116
3.6765,2187,2001,0,-116
3.6769,2187,2001,0,-124
3.6773,2187,2001,0,-124
3.6777,2187,2001,0,-124
3.6781,2187,2001,0,-124
3.6784,2187,2001,0,-124
3.6788,2187,2001,0,-124
3.6792,2187,2001,0,-124
3.6795,2187,2001,0,-124
3.6799,2187,2001,0,-140
3.6803,2174,2002,0,-132
3.6810,2174,2002,0,-132
3.6814,2174,2002,0,-132
3.6818,2174,2002,0,-140
3.6821,2174,2002,0,-140
3.6825,2174,2002,0,-140
3.6828,2174,2002,0,-140
3.6832,2174,2002,0,-140
3.6836,2174,2002,0,-140
3.6840,2174,2002,0,-140
3.6844,2174,2002,0,-140
3.6848,2174,2002,0,-148
3.6852,2174,2002,0,-148
3.6856,2174,2003,0,-140
3.6860,2174,2003,0,-140
3.6864,2174,2003,0,-140
3.6868,2174,2003,0,-140
3.6871,2174,2003,0,-140
3.6875,2174,2004,0,-140
3.6879,2174,2004,0,-140
3.6883,2174,2004,0,-140
3.6887,2174,2004,0,-140
3.6890,2174,2004,0,-140
3.6894,2174,2004,0,-140
3.6898,2174,2004,0,-148
3.6902,2160,2005,0,-140
3.6909,2160,2005,0,-140
3.6913,2160,2005,0,-140
3.6917,2160,2005,0,-148
3.6920,2160,2005,0,-148
3.6924,2160,2005,0,-148
3.6927,2160,2005,0,-148
3.6931,2160,2005,0,-148
3.6934,2160,2005,0,-148
3.6938,2160,2006,0,-140
3.6941,2160,2006,0,-140
3.6945,2160,2006,0,-148
3.6949,2160,2006,0,-148
3.6952,2160,2006,0,-148
3.6956,2160,2006,250,-148
3.6960,2160,2006,250,-148
3.6964,2160,2006,250,-148
3.6967,2160,2006,250,-156
3.6971,2160,2006,250,-156
3.6977,2160,2007,250,-148
3.6981,2160,2007,250,-148
3.6985,2160,2007,250,-148
3.6988,2160,2007,250,-156
3.6992,2160,2007,250,-156
3.6996,2160,2008,250,-124
3.7000,2143,2008,250,-124
3.7008,2143,2008,250,-132
3.7012,2143,2008,250,-132
3.7018,2143,2008,250,-132
3.7021,2143,2008,250,-132
3.7025,2143,2009,250,-132
3.7029,2143,2009,250,-132
3.7033,2143,2009,250,-132
3.7037,2143,2009,250,-132
3.7041,2143,2009,250,-132
3.7046,2143,2010,250,-132
3.7050,2143,2010,250,-132
3.7054,2143,2010,250,-132
3.7058,2143,2010,250,-132
3.7061,2143,2010,250,-132
3.7065,2143,2011,250,-132
3.7069,2143,2011,250,-132
3.7073,2143,2011,250,-132
3.7077,2143,2011,250,-132
3.7081,2143,2011,250,-132
3.7085,2143,2011,250,-140
3.7088,2143,2011,250,-140
3.7092,2143,2011,250,-140
3.7096,2143,2012,250,-132
3.7100,2143,2012,250,-132
3.7104,2125,2012,250,-140
3.7111,2125,2012,250,-140
3.7114,2125,2012,250,-140
3.7118,2125,2012,250,-140
3.7121,2125,2012,250,-140
3.7125,2125,2013,250,-140
3.7129,2125,2013,250,-140
3.7133,2125,2013,250,-140
3.7137,2125,2013,250,-140
3.7141,2125,2013,250,-140
3.7145,2125,2014,250,-140
3.7149,2125,2014,250,-140
3.7152,2125,2014,250,-140
3.7157,2125,2014,400,-140
3.7161,2125,2014,400,-140
3.7165,2125,2014,400,-148
3.7168,2125,2014,400,-148
3.7172,2125,2014,400,-148
3.7176,2125,2015,400,-148
3.7180,2125,2015,400,-148
3.7184,2125,2015,400,-148
3.7187,2125,2015,400,-148
3.7191,2125,2015,400,-148
3.7195,2125,2016,400,-156
3.7199,2125,2016,400,-156
3.7203,2105,2016,400,-156
3.7210,2105,2016,400,-156
3.7213,2105,2016,400,-156
3.7218,2105,2017,400,-156
3.7222,2105,2017,400,-156
3.7226,2105,2017,400,-156
3.7230,2105,2017,400,-156
3.7234,2105,2018,400,-156
3.7238,2105,2018,400,-156
3.7242,2105,2018,400,-156
3.7245,2105,2018,400,-164
3.7250,2105,2018,400,-164
3.7253,2105,2018,400,-164
3.7257,2105,2019,400,-156
3.7261,2105,2019,400,-156
3.7265,2105,2019,400,-164
3.7268,2105,2019,400,-164
3.7272,2105,2019,400,-164
3.7276,2105,2020,400,-156
3.7280,2105,2020,400,-156
3.7285,2105,2020,400,-164
3.7288,2105,2020,400,-164
3.7293,2105,2020,400,-172
3.7297,2105,2020,400,-172
3.7301,2085,2020,400,-172
3.7308,2085,2020,400,-172
3.7314,2085,2021,400,-172
3.7317,2085,2021,400,-172
3.7321,2085,2021,400,-172
3.7325,2085,2021,400,-180
3.7329,2085,2021,400,-180
3.7333,2085,2022,400,-172
3.7337,2085,2022,400,-172
3.7341,2085,2022,400,-172
3.7345,2085,2023,400,-172
3.7348,2085,2023,400,-172
3.7353,2085,2023,450,-172
3.7357,2085,2023,450,-172
3.7363,2085,2024,450,-172
3.7367,2085,2024,450,-172
3.7370,2085,2024,450,-172
3.7375,2085,2024,450,-180
3.7379,2085,2024,450,-180
3.7383,2085,2025,450,-172
3.7387,2085,2025,450,-172
3.7390,2085,2025,450,-172
3.7394,2085,2025,450,-180
3.7398,2085,2025,450,-180
3.7401,2064,2026,450,-180
3.7408,2064,2026,450,-180
3.7412,2064,2026,450,-180
3.7417,2064,2026,450,-180
3.7422,2064,2026,450,-180
3.7425,2064,2027,450,-180
3.7429,2064,2027,450,-180
3.7433,2064,2027,450,-188
3.7437,2064,2027,450,-188
3.7441,2064,2027,450,-188
3.7445,2064,2028,450,-180
3.7448,2064,2028,450,-180
3.7452,2064,2029,450,-180
3.7457,2064,2029,450,-180
3.7461,2064,2029,450,-180
3.7465,2064,2029,450,-180
3.7468,2064,2029,450,-180
3.7472,2064,2029,450,-188
3.7476,2064,2029,450,-188
3.7480,2064,2029,450,-188
3.7484,2064,2030,450,-188
3.7488,2064,2030,450,-188
3.7491,2064,2030,450,-188
3.7495,2064,2031,450,-180
3.7499,2064,2031,450,-180
3.7502,2042,2031,450,-188
3.7510,2042,2031,450,-188
3.7513,2042,2032,450,-180
3.7517,2042,2032,450,-180
3.7521,2042,2032,450,-180
3.7524,2042,2033,450,-180
3.7528,2042,2033,450,-180
3.7531,2042,2033,450,-180
3.7535,2042,2033,450,-180
3.7539,2042,2033,450,-180
3.7542,2042,2033,450,-188
3.7549,2042,2033,450,-188
3.7553,2042,2034,550,-188
3.7557,2042,2034,550,-188
3.7561,2042,2034,550,-188
3.7565,2042,2034,550,-188
3.7568,2042,2034,550,-188
3.7572,2042,2035,550,-188
3.7576,2042,2035,550,-188
3.7580,2042,2035,550,-188
3.7584,2042,2036,550,-180
3.7587,2042,2036,550,-180
3.7591,2042,2036,550,-180
3.7595,2042,2037,550,-168
3.7599,2042,2037,550,-168
3.7603,2021,2037,550,-168
3.7610,2021,2037,550,-168
3.7614,2021,2038,550,-168
3.7617,2021,2038,550,-168
3.7621,2021,2038,550,-168
3.7625,2021,2038,550,-168
3.7629,2021,2038,550,-168
3.7632,2021,2039,550,-168
3.7636,2021,2039,550,-168
3.7640,2021,2039,550,-168
3.7644,2021,2040,550,-160
3.7648,2021,2040,550,-160
3.7651,2021,2040,550,-168
3.7655,2021,2040,550,-168
3.7659,2021,2040,550,-168
3.7663,2021,2041,550,-160
3.7667,2021,2041,550,-160
3.7671,2021,2041,550,-160
3.7674,2021,2042,550,-160
3.7678,2021,2042,550,-160
3.7682,2021,2042,550,-160
3.7686,2021,2042,550,-160
3.7690,2021,2042,550,-160
3.7694,2021,2043,550,-160
3.7698,2021,2043,550,-160
3.7702,2000,2043,550,-160
3.7709,2000,2043,550,-160
3.7713,2000,2044,550,-160
3.7717,2000,2044,550,-160
3.7720,2000,2044,550,-160
3.7724,2000,2044,550,-160
3.7728,2000,2044,550,-160
3.7732,2000,2045,550,-160
3.7737,2000,2045,550,-160
3.7740,2000,2045,550,-160
3.7744,2000,2046,550,-152
3.7748,2000,2046,550,-152
3.7753,2000,2046,600,-160
3.7757,2000,2046,600,-160
3.7761,2000,2047,600,-152
3.7765,2000,2047,600,-152
3.7769,2000,2047,600,-152
3.7773,2000,2047,600,-160
3.7777,2000,2047,600,-160
3.7781,2000,2048,600,-152
3.7785,2000,2048,600,-152
3.7790,2000,2048,600,-152
3.7794,2000,2048,600,-156
3.7797,2000,2048,600,-156
3.7801,1980,2049,600,-148
3.7809,1980,2049,600,-148
3.7813,1980,2050,600,-140
3.7817,1980,2050,600,-140
3.7821,1980,2050,600,-148
3.7825,1980,2050,600,-148
3.7829,1980,2050,600,-148
3.7833,1980,2051,600,-140
3.7837,1980,2051,600,-140
3.7841,1980,2052,600,-140
3.7845,1980,2052,600,-140
3.7849,1980,2052,600,-140
3.7853,1980,2052,600,-140
3.7857,1980,2052,600,-140
3.7861,1980,2053,600,-132
3.7865,1980,2053,600,-132
3.7869,1980,2053,600,-132
3.7873,1980,2053,600,-140
3.7877,1980,2053,600,-140
3.7881,1980,2054,600,-132
3.7885,1980,2054,600,-132
3.7888,1980,2054,600,-132
3.7892,1980,2054,600,-140
3.7897,1980,2054,600,-140
3.7901,1961,2055,600,-132
3.7909,1961,2055,600,-132
3.7913,1961,2056,600,-124
3.7917,1961,2056,600,-124
3.7921,1961,2056,600,-132
3.7925,1961,2056,600,-132
3.7929,1961,2056,600,-132
3.7933,1961,2057,600,-124
3.7936,1961,2057,600,-124
3.7940,1961,2057,600,-132
3.7944,1961,2057,600,-132
3.7948,1961,2057,600,-132
3.7952,1961,2058,600,-124
3.7957,1961,2058,600,-124
3.7961,1961,2059,600,-116
3.7965,1961,2059,600,-116
3.7969,1961,2059,600,-116
3.7973,1961,2059,600,-124
3.7977,1961,2059,600,-124
3.7981,1961,2060,600,-116
3.7984,1961,2060,600,-116
3.7988,1961,2060,600,-116
3.7992,1961,2060,600,-100
3.7997,1961,2060,600,-100
3.8001,1943,2061,600,-100
3.8008,1943,2061,600,-100
3.8012,1943,2061,600,-100
3.8017,1943,2061,600,-100
3.8021,1943,2062,600,-92
3.8025,1943,2062,600,-92
3.8029,1943,2062,600,-92
3.8033,1943,2062,600,-100
3.8037,1943,2062,600,-100
3.8041,1943,2063,600,-92
3.8044,1943,2063,600,-92
3.8049,1943,2063,600,-92
3.8053,1943,2063,600,-92
3.8056,1943,2063,600,-92
3.8060,1943,2064,600,-92
3.8064,1943,2064,600,-92
3.8068,1943,2064,600,-92
3.8072,1943,2064,600,-92
3.8077,1943,2064,600,-92
3.8081,1943,2065,600,-84
3.8084,1943,2065,600,-84
3.8088,1943,2065,600,-84
3.8092,1943,2065,600,-84
3.8095,1943,2065,600,-84
3.8099,1943,2065,600,-84
3.8103,1926,2065,600,-92
3.8110,1926,2066,600,-84
3.8113,1926,2066,600,-84
3.8117,1926,2066,600,-84
3.8121,1926,2066,600,-84
3.8124,1926,2066,600,-84
3.8128,1926,2066,600,-84
3.8132,1926,2067,600,-84
3.8135,1926,2067,600,-84
3.8139,1926,2067,600,-84
3.8143,1926,2067,600,-84
3.8146,1926,2067,600,-84
3.8150,1926,2068,500,-76
3.8154,1926,2068,500,-76
3.8157,1926,2068,500,-76
3.8161,1926,2068,500,-76
3.8165,1926,2068,500,-76
3.8168,1926,2068,500,-76
3.8172,1926,2068,500,-84
3.8176,1926,2068,500,-84
3.8180,1926,2069,500,-76
3.8184,1926,2069,500,-76
3.8188,1926,2069,500,-76
3.8192,1926,2069,500,-84
3.8195,1926,2069,500,-84
3.8199,1926,2070,500,-76
3.8202,1911,2070,500,-76
3.8210,1911,2070,500,-84
3.8214,1911,2070,500,-84
3.8219,1911,2070,500,-84
3.8222,1911,2070,500,-84
3.8226,1911,2070,500,-84
3.8230,1911,2070,500,-84
3.8234,1911,2070,500,-84
3.8237,1911,2070,500,-84
3.8241,1911,2071,500,-76
3.8245,1911,2071,500,-76
3.8250,1911,2071,500,-76
3.8254,1911,2071,500,-76
3.8258,1911,2071,500,-76
3.8262,1911,2072,500,-76
3.8265,1911,2072,500,-76
3.8269,1911,2072,500,-76
3.8273,1911,2072,500,-76
3.8277,1911,2072,500,-76
3.8281,1911,2072,500,-76
3.8285,1911,2072,500,-76
3.8288,1911,2072,500,-76
3.8292,1911,2073,500,-68
3.8295,1911,2073,500,-68
3.8299,1911,2073,500,-68
3.8303,1899,2073,500,-68
3.8310,1899,2074,500,-68
3.8313,1899,2074,500,-68
3.8317,1899,2074,500,-68
3.8321,1899,2074,500,-68
3.8324,1899,2074,500,-68
3.8328,1899,2074,500,-68
3.8331,1899,2074,500,-68
3.8335,1899,2074,500,-68
3.8339,1899,2075,500,-60
3.8343,1899,2075,500,-60
3.8347,1899,2075,500,-60
3.8350,1899,2075,350,-60
3.8354,1899,2075,350,-60
3.8358,1899,2075,350,-60
3.8361,1899,2075,350,-60
3.8365,1899,2075,350,-60
3.8369,1899,2076,350,-60
3.8373,1899,2076,350,-60
3.8376,1899,2076,350,-60
3.8380,1899,2076,350,-60
3.8384,1899,2076,350,-60
3.8388,1899,2076,350,-60
3.8391,1899,2076,350,-60
3.8395,1899,2076,350,-60
3.8398,1899,2076,350,-60
3.8402,1888,2076,350,-60
3.8409,1888,2077,350,-52
3.8412,1888,2077,350,-52
3.8416,1888,2077,350,-52
3.8420,1888,2077,350,-52
3.8424,1888,2077,350,-52
3.8428,1888,2077,350,-52
3.8432,1888,2077,350,-52
3.8437,1888,2077,350,-52
3.8441,1888,2078,350,-44
3.8445,1888,2078,350,-44
3.8449,1888,2078,350,-52
3.8453,1888,2078,350,-52
3.8457,1888,2078,350,-52
3.8461,1888,2078,350,-52
3.8465,1888,2078,350,-52
3.8469,1888,2079,350,-44
3.8473,1888,2079,350,-44
3.8477,1888,2079,350,-44
3.8481,1888,2079,350,-44
3.8485,1888,2079,350,-44
3.8490,1888,2079,350,-44
3.8494,1888,2079,350,-44
3.8498,1888,2080,350,-36
3.8501,1881,2080,350,-36
3.8509,1881,2080,350,-36
3.8513,1881,2080,350,-36
3.8517,1881,2080,350,-36
3.8521,1881,2080,350,-36
3.8525,1881,2080,350,-36
3.8529,1881,2080,350,-36
3.8533,1881,2080,350,-36
3.8537,1881,2080,350,-36
3.8541,1881,2080,350,-36
3.8545,1881,2080,350,-36
3.8548,1881,2081,300,-28
3.8552,1881,2081,300,-28
3.8556,1881,2081,300,-28
3.8560,1881,2081,300,-28
3.8564,1881,2081,300,-28
3.8569,1881,2081,300,-28
3.8572,1881,2081,300,-28
3.8576,1881,2081,300,-28
3.8581,1881,2081,300,-28
3.8584,1881,2081,300,-28
3.8588,1881,2082,300,20
3.8594,1881,2082,300,20
3.8597,1881,2082,300,20
3.8601,1875,2082,300,20
3.8608,1875,2082,300,20
3.8611,1875,2082,300,20
3.8616,1875,2082,300,20
3.8619,1875,2082,300,20
3.8623,1875,2082,300,20
3.8627,1875,2082,300,20
3.8631,1875,2082,300,20
3.8634,1875,2082,300,20
3.8638,1875,2083,300,28
3.8642,1875,2083,300,28
3.8646,1875,2083,300,28
3.8650,1875,2083,300,28
3.8654,1875,2083,300,28
3.8658,1875,2083,300,28
3.8661,1875,2083,300,28
3.8665,1875,2083,300,28
3.8669,1875,2083,300,28
3.8672,1875,2083,300,28
3.8676,1875,2083,300,28
3.8680,1875,2083,300,28
3.8684,1875,2083,300,28
3.8688,1875,2083,300,36
3.8691,1875,2083,300,36
3.8695,1875,2083,300,36
3.8699,1875,2083,300,36
3.8703,1873,2083,300,36
3.8710,1873,2083,300,36
3.8714,1873,2083,300,36
3.8717,1873,2083,300,36
3.8721,1873,2083,300,36
3.8724,1873,2083,300,36
3.8728,1873,2083,300,36
3.8732,1873,2083,300,36
3.8735,1873,2083,300,36
3.8739,1873,2083,300,36
3.8743,1873,2083,300,36
3.8746,1873,2084,150,36
3.8751,1873,2084,150,36
3.8755,1873,2084,150,36
3.8758,1873,2084,150,36
3.8762,1873,2084,150,36
3.8767,1873,2084,150,36
3.8771,1873,2084,150,36
3.8775,1873,2084,150,36
3.8778,1873,2084,150,36
3.8782,1873,2084,150,36
3.8787,1873,2084,150,24
3.8790,1873,2084,150,24
3.8794,1873,2084,150,24
3.8798,1873,2084,150,24
3.8802,1873,2084,150,24
3.8809,1873,2084,150,24
3.8813,1873,2084,150,24
3.8817,1873,2084,150,24
3.8820,1873,2084,150,24
3.8824,1873,2084,150,24
3.8828,1873,2084,150,32
3.8831,1873,2084,150,32
3.8835,1873,2084,150,32
3.8839,1873,2084,150,32
3.8843,1873,2084,150,32
3.8847,1873,2084,150,32
3.8850,1873,2084,150,32
3.8855,1873,2084,150,32
3.8858,1873,2084,150,32
3.8862,1873,2084,150,32
3.8866,1873,2084,150,32
3.8870,1873,2084,150,32
3.8874,1873,2084,150,32
3.8878,1873,2084,150,32
3.8881,1873,2084,150,32
3.8885,1873,2084,150,40
3.8889,1873,2084,150,40
3.8893,1873,2084,150,40
3.8897,1873,2084,150,40
3.8900,1875,2084,150,40
3.8907,1875,2084,150,40
3.8911,1875,2084,150,40
3.8914,1875,2084,150,40
3.8918,1875,2084,150,40
3.8922,1875,2084,150,40
3.8925,1875,2084,150,48
3.8929,1875,2084,150,48
3.8933,1875,2084,150,48
3.8936,1875,2084,150,48
3.8940,1875,2084,150,48
3.8944,1875,2084,150,48
3.8948,1875,2084,0,48
3.8951,1875,2084,0,48
3.8955,1875,2084,0,48
3.8959,1875,2084,0,48
3.8963,1875,2084,0,48
3.8967,1875,2084,0,48
3.8970,1875,2084,0,48
3.8974,1875,2084,0,48
3.8978,1875,2084,0,56
3.8982,1875,2084,0,56
3.8986,1875,2084,0,64
3.8990,1875,2084,0,64
3.8994,1875,2084,0,64
3.8998,1875,2084,0,64
3.9002,1881,2084,0,72
3.9010,1881,2084,0,72
3.9014,1881,2084,0,72
3.9017,1881,2084,0,72
3.9021,1881,2084,0,72
3.9025,1881,2084,0,72
3.9029,1881,2084,0,72
3.9033,1881,2084,0,72
3.9037,1881,2084,0,72
3.9041,1881,2084,0,72
3.9045,1881,2084,0,80
3.9049,1881,2084,0,80
3.9052,1881,2084,0,80
3.9057,1881,2084,0,80
3.9060,1881,2084,0,80
3.9064,1881,2084,0,80
3.9068,1881,2084,0,80
3.9071,1881,2084,0,80
3.9075,1881,2084,0,88
3.9079,1881,2084,0,88
3.9083,1881,2084,0,88
3.9087,1881,2084,0,88
3.9090,1881,2084,0,88
3.9094,1881,2084,0,88
3.9098,1881,2084,0,88
3.9102,1889,2084,0,88
3.9110,1889,2084,0,88
3.9114,1889,2084,0,88
3.9118,1889,2084,0,96
3.9122,1889,2084,0,96
3.9126,1889,2084,0,96
3.9130,1889,2084,0,96
3.9134,1889,2084,0,96
3.9138,1889,2084,0,96
3.9142,1889,2084,0,96
3.9146,1889,2084,0,104
3.9150,1889,2084,0,104
3.9154,1889,2084,0,104
3.9157,1889,2084,0,104
3.9161,1889,2084,0,104
3.9165,1889,2084,0,104
3.9169,1889,2084,0,104
3.9173,1889,2084,0,104
3.9177,1889,2084,0,112
3.9181,1889,2084,0,112
3.9185,1889,2084,0,120
3.9189,1889,2084,0,120
3.9193,1889,2084,0,120
3.9197,1889,2084,0,120
3.9201,1899,2084,0,128
3.9208,1899,2084,0,128
3.9212,1899,2084,0,128
3.9217,1899,2084,0,128
3.9221,1899,2084,0,128
3.9225,1899,2084,0,136
3.9229,1899,2084,0,136
3.9233,1899,2084,0,136
3.9237,1899,2084,0,136
3.9241,1899,2084,0,136
3.9245,1899,2083,0,128
3.9249,1899,2083,0,128
3.9253,1899,2083,0,128
3.9257,1899,2083,0,136
3.9261,1899,2083,0,136
3.9265,1899,2083,0,136
3.9269,1899,2083,0,136
3.9273,1899,2083,0,144
3.9277,1899,2083,0,144
3.9281,1899,2083,0,144
3.9285,1899,2083,0,144
3.9289,1899,2083,0,144
3.9293,1899,2082,0,136
3.9298,1899,2082,0,136
3.9302,1912,2082,0,144
3.9309,1912,2082,0,144
3.9313,1912,2082,0,144
3.9317,1912,2082,0,144
3.9321,1912,2082,0,144
3.9325,1912,2081,0,144
3.9329,1912,2081,0,144
3.9333,1912,2081,0,144
3.9337,1912,2081,0,144
3.9341,1912,2081,0,144
3.9345,1912,2081,-150,144
3.9350,1912,2081,-150,144
3.9354,1912,2081,-150,152
3.9358,1912,2081,-150,152
3.9363,1912,2081,-150,152
3.9367,1912,2080,-150,144
3.9371,1912,2080,-150,144
3.9375,1912,2080,-150,152
3.9379,1912,2080,-150,152
3.9383,1912,2079,-150,132
3.9387,1912,2079,-150,132
3.9391,1912,2079,-150,132
3.9395,1912,2079,-150,140
3.9400,1912,2079,-150,140
3.9404,1927,2078,-150,132
3.9411,1927,2078,-150,132
3.9415,1927,2078,-150,140
3.9419,1927,2078,-150,140
3.9423,1927,2078,-150,140
3.9427,1927,2078,-150,140
3.9431,1927,2078,-150,140
3.9435,1927,2077,-150,140
3.9439,1927,2077,-150,140
3.9443,1927,2077,-150,140
3.9447,1927,2077,-150,140
3.9451,1927,2077,-150,140
3.9454,1927,2077,-150,148
3.9458,1927,2077,-150,148
3.9462,1927,2077,-150,148
3.9467,1927,2077,-150,148
3.9470,1927,2077,-150,148
3.9474,1927,2076,-150,148
3.9478,1927,2076,-150,148
3.9482,1927,2076,-150,148
3.9487,1927,2076,-150,148
3.9490,1927,2076,-150,148
3.9494,1927,2075,-150,148
3.9499,1927,2075,-150,148
3.9503,1943,2075,-150,148
3.9511,1943,2075,-150,148
3.9515,1943,2075,-150,156
3.9519,1943,2075,-150,156
3.9523,1943,2074,-150,148
3.9527,1943,2074,-150,148
3.9531,1943,2074,-150,148
3.9535,1943,2074,-150,156
3.9539,1943,2074,-150,156
3.9543,1943,2073,-400,148
3.9547,1943,2073,-400,148
3.9551,1943,2073,-400,148
3.9555,1943,2073,-400,156
3.9558,1943,2073,-400,156
3.9562,1943,2072,-400,148
3.9567,1943,2072,-400,148
3.9582,1943,2071,-400,144
3.9587,1943,2071,-400,144
3.9591,1943,2071,-400,144
3.9595,1943,2071,-400,152
3.9599,1943,2071,-400,152
3.9603,1961,2071,-400,160
3.9611,1961,2071,-400,160
3.9615,1961,2070,-400,152
3.9619,1961,2070,-400,152
3.9623,1961,2070,-400,160
3.9627,1961,2070,-400,160
3.9631,1961,2070,-400,160
3.9634,1961,2069,-400,152
3.9638,1961,2069,-400,152
3.9642,1961,2069,-400,160
3.9647,1961,2069,-400,160
3.9651,1961,2069,-400,160
3.9654,1961,2068,-400,152
3.9658,1961,2068,-400,152
3.9662,1961,2068,-400,160
3.9666,1961,2068,-400,160
3.9670,1961,2068,-400,160
3.9674,1961,2067,-400,160
3.9678,1961,2067,-400,160
3.9682,1961,2067,-400,160
3.9686,1961,2067,-400,160
3.9690,1961,2067,-400,160
3.9694,1961,2066,-400,160
3.9698,1961,2066,-400,160
3.9702,1981,2066,-400,160
3.9709,1981,2066,-400,160
3.9713,1981,2065,-400,160
3.9717,1981,2065,-400,160
3.9721,1981,2065,-400,160
3.9725,1981,2065,-400,168
3.9728,1981,2065,-400,168
3.9732,1981,2064,-400,160
3.9736,1981,2064,-400,160
3.9740,1981,2064,-400,160
3.9744,1981,2064,-450,168
3.9748,1981,2064,-450,168
3.9752,1981,2064,-450,176
3.9756,1981,2064,-450,176
3.9760,1981,2064,-450,176
3.9763,1981,2063,-450,168
3.9767,1981,2063,-450,168
3.9771,1981,2063,-450,168
3.9774,1981,2062,-450,168
3.9778,1981,2062,-450,168
3.9782,1981,2062,-450,184
3.9786,1981,2062,-450,184
3.9791,1981,2061,-450,176
3.9795,1981,2061,-450,176
3.9799,1981,2061,-450,176
3.9802,2001,2061,-450,184
3.9810,2001,2061,-450,184
3.9814,2001,2060,-450,184
3.9817,2001,2060,-450,184
3.9821,2001,2060,-450,184
3.9825,2001,2060,-450,184
3.9828,2001,2060,-450,184
3.9832,2001,2059,-450,184
3.9836,2001,2059,-450,184
3.9840,2001,2059,-450,184
3.9844,2001,2059,-450,192
3.9848,2001,2059,-450,192
3.9852,2001,2058,-450,184
3.9857,2001,2058,-450,184
3.9860,2001,2058,-450,184
3.9864,2001,2058,-450,192
3.9868,2001,2058,-450,192
3.9872,2001,2057,-450,184
3.9875,2001,2057,-450,184
3.9879,2001,2057,-450,184
3.9883,2001,2056,-450,184
3.9887,2001,2056,-450,184
3.9891,2001,2056,-450,192
3.9894,2001,2056,-450,192
3.9898,2001,2056,-450,192
3.9901,2022,2055,-450,184
3.9908,2022,2055,-450,184
3.9912,2022,2055,-450,192
3.9916,2022,2055,-450,192
3.9920,2022,2055,-450,192
3.9924,2022,2054,-450,192
3.9927,2022,2054,-450,192
3.9934,2022,2054,-450,192
3.9937,2022,2054,-450,192
3.9941,2022,2053,-550,192
3.9945,2022,2053,-550,192
3.9948,2022,2053,-550,192
3.9952,2022,2052,-550,184
3.9955,2022,2052,-550,184
3.9959,2022,2052,-550,184
3.9963,2022,2052,-550,192
3.9967,2022,2052,-550,192
3.9970,2022,2051,-550,184
3.9974,2022,2051,-550,184
3.9978,2022,2051,-550,184
3.9982,2022,2051,-550,180
3.9985,2022,2051,-550,180
3.9989,2022,2051,-550,180
3.9993,2022,2050,-550,180
3.9997,2022,2050,-550,180
4.0000,2043,2049,-550,172
4.0008,2043,2049,-550,172
4.0012,2043,2049,-550,180
4.0017,2043,2049,-550,180
4.0021,2043,2048,-550,172
4.0025,2043,2048,-550,172
4.0029,2043,2048,-550,172
4.0033,2043,2048,-550,180
4.0037,2043,2048,-550,180
4.0040,2043,2047,-550,172
4.0044,2043,2047,-550,172
4.0048,2043,2047,-550,172
4.0052,2043,2046,-550,172
4.0057,2043,2046,-550,172
4.0061,2043,2046,-550,172
4.0064,2043,2046,-550,172
4.0068,2043,2046,-550,172
4.0073,2043,2045,-550,172
4.0077,2043,2045,-550,172
4.0081,2043,2044,-550,172
4.0085,2043,2044,-550,172
4.0089,2043,2044,-550,172
4.0094,2043,2044,-550,172
4.0098,2043,2044,-550,172
4.0102,2065,2043,-550,172
4.0110,2065,2043,-550,172
4.0114,2065,2043,-550,172
4.0118,2065,2043,-550,172
4.0122,2065,2042,-550,172
4.0127,2065,2042,-550,172
4.0131,2065,2041,-550,164
4.0135,2065,2041,-550,164
4.0139,2065,2041,-600,172
4.0143,2065,2041,-600,172
4.0147,2065,2041,-600,172
4.0151,2065,2040,-600,164
4.0155,2065,2040,-600,164
4.0160,2065,2040,-600,172
4.0164,2065,2040,-600,172
4.0168,2065,2040,-600,172
4.0172,2065,2039,-600,164
4.0177,2065,2039,-600,164
4.0181,2065,2038,-600,140
4.0186,2065,2038,-600,140
4.0190,2065,2038,-600,148
4.0194,2065,2038,-600,148
4.0198,2065,2038,-600,148
4.0202,2086,2037,-600,140
4.0211,2086,2036,-600,140
4.0214,2086,2036,-600,140
4.0218,2086,2036,-600,140
4.0223,2086,2036,-600,140
4.0227,2086,2036,-600,140
4.0231,2086,2035,-600,140
4.0235,2086,2035,-600,140
4.0239,2086,2034,-600,132
4.0243,2086,2034,-600,132
4.0247,2086,2034,-600,132
4.0251,2086,2034,-600,140
4.0255,2086,2034,-600,140
4.0259,2086,2033,-600,132
4.0264,2086,2033,-600,132
4.0268,2086,2033,-600,132
4.0272,2086,2033,-600,140
4.0276,2086,2033,-600,140
4.0280,2086,2032,-600,132
4.0284,2086,2032,-600,132
4.0288,2086,2032,-600,132
4.0292,2086,2032,-600,132
4.0297,2086,2032,-600,132
4.0301,2106,2031,-600,132
4.0308,2106,2030,-600,124
4.0312,2106,2030,-600,124
4.0316,2106,2030,-600,124
4.0321,2106,2030,-600,132
4.0325,2106,2030,-600,132
4.0329,2106,2030,-600,132
4.0333,2106,2030,-600,132
4.0336,2106,2030,-600,132
4.0341,2106,2029,-600,124
4.0345,2106,2029,-600,124
4.0349,2106,2028,-600,124
4.0353,2106,2028,-600,124
4.0357,2106,2028,-600,124
4.0361,2106,2028,-600,124
4.0365,2106,2028,-600,124
4.0369,2106,2028,-600,132
4.0373,2106,2028,-600,132
4.0377,2106,2028,-600,132
4.0381,2106,2027,-600,128
4.0385,2106,2027,-600,128
4.0390,2106,2026,-600,120
4.0394,2106,2026,-600,120
4.0397,2106,2026,-600,120
4.0402,2126,2026,-600,128
4.0409,2126,2025,-600,120
4.0413,2126,2025,-600,120
4.0417,2126,2025,-600,120
4.0421,2126,2025,-600,120
4.0425,2126,2025,-600,120
4.0429,2126,2024,-600,120
4.0433,2126,2024,-600,120
4.0437,2126,2024,-600,120
4.0441,2126,2024,-600,120
4.0445,2126,2024,-600,120
4.0449,2126,2023,-600,112
4.0453,2126,2023,-600,112
4.0457,2126,2023,-600,112
4.0461,2126,2022,-600,112
4.0464,2126,2022,-600,112
4.0468,2126,2022,-600,112
4.0472,2126,2022,-600,112
4.0477,2126,2022,-600,112
4.0481,2126,2021,-600,104
4.0484,2126,2021,-600,104
4.0488,2126,2021,-600,112
4.0492,2126,2021,-600,112
4.0497,2126,2021,-600,112
4.0500,2143,2021,-600,112
4.0508,2143,2020,-600,104
4.0512,2143,2020,-600,104
4.0516,2143,2020,-600,104
4.0520,2143,2020,-600,112
4.0524,2143,2020,-600,112
4.0527,2143,2019,-600,104
4.0531,2143,2019,-600,104
4.0535,2143,2019,-600,104
4.0538,2143,2019,-500,104
4.0542,2143,2019,-500,104
4.0546,2143,2019,-500,104
4.0550,2143,2018,-500,104
4.0554,2143,2018,-500,104
4.0557,2143,2018,-500,104
4.0561,2143,2018,-500,104
4.0565,2143,2018,-500,104
4.0569,2143,2017,-500,96
4.0573,2143,2017,-500,96
4.0576,2143,2017,-500,96
4.0580,2143,2017,-500,88
4.0584,2143,2017,-500,88
4.0588,2143,2016,-500,88
4.0592,2143,2016,-500,88
4.0596,2143,2016,-500,88
4.0600,2160,2016,-500,88
4.0607,2160,2016,-500,88
4.0610,2160,2015,-500,80
4.0614,2160,2015,-500,80
4.0618,2160,2014,-500,72
4.0622,2160,2014,-500,72
4.0625,2160,2014,-500,72
4.0629,2160,2014,-500,80
4.0633,2160,2014,-500,80
4.0637,2160,2014,-500,80
4.0640,2160,2014,-500,80
4.0644,2160,2014,-500,80
4.0648,2160,2013,-500,72
4.0652,2160,2013,-500,72
4.0656,2160,2013,-500,72
4.0660,2160,2013,-500,72
4.0664,2160,2013,-500,72
4.0667,2160,2013,-500,80
4.0671,2160,2013,-500,80
4.0675,2160,2013,-500,80
4.0679,2160,2012,-500,72
4.0683,2160,2012,-500,72
4.0686,2160,2012,-500,72
4.0690,2160,2012,-500,72
4.0694,2160,2012,-500,72
4.0698,2160,2012,-500,72
4.0701,2175,2012,-500,72
4.0709,2175,2011,-500,64
4.0712,2175,2011,-500,64
4.0717,2175,2011,-500,72
4.0720,2175,2011,-500,72
4.0724,2175,2011,-500,72
4.0728,2175,2010,-500,64
4.0732,2175,2010,-500,64
4.0735,2175,2010,-500,64
4.0739,2175,2010,-450,64
4.0743,2175,2010,-450,64
4.0746,2175,2010,-450,64
4.0750,2175,2010,-450,64
4.0754,2175,2010,-450,64
4.0757,2175,2009,-450,56
4.0761,2175,2009,-450,56
4.0765,2175,2009,-450,56
4.0769,2175,2009,-450,64
4.0773,2175,2009,-450,64
4.0776,2175,2008,-450,56
4.0780,2175,2008,-450,56
4.0784,2175,2008,-450,56
4.0787,2175,2008,-450,56
4.0791,2175,2008,-450,56
4.0795,2175,2008,-450,56
4.0799,2175,2008,-450,56
4.0803,2187,2008,-450,56
4.0810,2187,2008,-450,56
4.0814,2187,2008,-450,56
4.0818,2187,2007,-450,48
4.0822,2187,2007,-450,48
4.0825,2187,2007,-450,48
4.0829,2187,2007,-450,56
4.0833,2187,2007,-450,56
4.0837,2187,2007,-450,56
4.0841,2187,2007,-450,56
4.0845,2187,2007,-450,56
4.0849,2187,2007,-450,56
4.0853,2187,2007,-450,56
4.0856,2187,2006,-450,48
4.0860,2187,2006,-450,48
4.0864,2187,2006,-450,48
4.0867,2187,2006,-450,48
4.0871,2187,2006,-450,48
4.0875,2187,2006,-450,48
4.0878,2187,2006,-450,48
4.0882,2187,2006,-450,48
4.0886,2187,2005,-450,40
4.0890,2187,2005,-450,40
4.0894,2187,2005,-450,40
4.0897,2187,2005,-450,48
4.0902,2198,2005,-450,48
4.0909,2198,2005,-450,48
4.0913,2198,2005,-450,48
4.0917,2198,2005,-450,48
4.0920,2198,2005,-450,48
4.0924,2198,2005,-450,48
4.0928,2198,2004,-450,40
4.0931,2198,2004,-450,40
4.0935,2198,2004,-450,40
4.0939,2198,2004,-300,40
4.0943,2198,2004,-300,40
4.0946,2198,2004,-300,40
4.0950,2198,2004,-300,40
4.0954,2198,2004,-300,40
4.0958,2198,2003,-300,32
4.0961,2198,2003,-300,32
4.0965,2198,2003,-300,32
4.0969,2198,2003,-300,32
4.0973,2198,2003,-300,32
4.0976,2198,2003,-300,36
4.0980,2198,2003,-300,36
4.0984,2198,2003,-300,36
4.0988,2198,2003,-300,36
4.0991,2198,2003,-300,36
4.0995,2198,2003,-300,36
4.0999,2198,2003,-300,36
4.1003,2205,2002,-300,28
4.1011,2205,2002,-300,28
4.1014,2205,2002,-300,28
4.1018,2205,2002,-300,36
4.1022,2205,2002,-300,36
4.1025,2205,2002,-300,36
4.1029,2205,2002,-300,36
4.1033,2205,2002,-300,36
4.1037,2205,2002,-300,28
4.1040,2205,2002,-300,28
4.1044,2205,2002,-300,28
4.1048,2205,2001,-300,20
4.1052,2205,2001,-300,20
4.1057,2205,2001,-300,20
4.1060,2205,2001,-300,20
4.1064,2205,2001,-300,20
4.1068,2205,2001,-300,20
4.1071,2205,2001,-300,20
4.1075,2205,2001,-300,20
4.1079,2205,2001,-300,20
4.1083,2205,2001,-300,20
4.1086,2205,2001,-300,20
4.1090,2205,2001,-300,20
4.1094,2205,2001,-300,20
4.1098,2205,2000,-300,-20
4.1101,2211,2000,-300,-20
4.1109,2211,2000,-300,-20
4.1113,2211,2000,-300,-20
4.1116,2211,2000,-300,-20
4.1120,2211,2000,-300,-20
4.1125,2211,2000,-300,-20
4.1129,2211,2000,-300,-20
4.1133,2211,2000,-300,-20
4.1137,2211,2000,-200,-20
4.1141,2211,2000,-200,-20
4.1144,2211,2000,-200,-20
4.1148,2211,2000,-200,-20
4.1152,2211,2000,-200,-20
4.1156,2211,2000,-200,-28
4.1161,2211,2000,-200,-28
4.1165,2211,2000,-200,-28
4.1169,2211,2000,-200,-28
4.1173,2211,2000,-200,-28
4.1177,2211,2000,-200,-32
4.1181,2211,2000,-200,-32
4.1185,2211,2000,-200,-32
4.1189,2211,2000,-200,-32
4.1193,2211,2000,-200,-32
4.1197,2211,1999,-200,-32
4.1201,2213,1999,-200,-32
4.1208,2213,1999,-200,-32
4.1212,2213,1999,-200,-32
4.1216,2213,1999,-200,-32
4.1220,2213,1999,-200,-32
4.1225,2213,1999,-200,-32
4.1229,2213,1999,-200,-32
4.1233,2213,1999,-200,-32
4.1237,2213,1999,-200,-32
4.1241,2213,1999,-200,-32
4.1246,2213,1999,-200,-32
4.1250,2213,1999,-200,-32
4.1254,2213,1999,-200,-32
4.1258,2213,1999,-200,-32
4.1262,2213,1999,-200,-32
4.1267,2213,1999,-200,-32
4.1272,2213,1999,-200,-32
4.1277,2213,1999,-200,-32
4.1281,2213,1999,-200,-32
4.1285,2213,1999,-200,-32
4.1288,2213,1999,-200,-32
4.1292,2213,1999,-200,-32
4.1296,2213,1999,-200,-40
4.1300,2213,1999,-200,-40
4.1308,2213,1999,-200,-40
4.1311,2213,1999,-200,-40
4.1315,2213,1999,-200,-40
4.1319,2213,1999,-200,-40
4.1323,2213,1999,-200,-40
4.1326,2213,1999,-200,-40
4.1330,2213,1999,-200,-40
4.1334,2213,1999,-50,-40
4.1337,2213,1999,-50,-40
4.1341,2213,1999,-50,-40
4.1345,2213,1999,-50,-48
4.1348,2213,1999,-50,-48
4.1352,2213,1999,-50,-48
4.1356,2213,1999,-50,-48
4.1360,2213,1999,-50,-48
4.1364,2213,1999,-50,-48
4.1368,2213,1999,-50,-48
4.1373,2213,1999,-50,-48
4.1377,2213,1999,-50,-40
4.1380,2213,1999,-50,-40
4.1384,2213,1999,-50,-40
4.1388,2213,1999,-50,-40
4.1392,2213,1999,-50,-40
4.1396,2213,1999,-50,-48
4.1400,2211,1999,-50,-48
4.1408,2211,1999,-50,-48
4.1412,2211,1999,-50,-48
4.1417,2211,1999,-50,-48
4.1421,2211,1999,-50,-48
4.1425,2211,1999,-50,-48
4.1429,2211,1999,-50,-48
4.1433,2211,1999,-50,-48
4.1437,2211,1999,-50,-56
4.1440,2211,1999,-50,-56
4.1444,2211,1999,-50,-56
4.1449,2211,1999,-50,-56
4.1453,2211,1999,-50,-56
4.1457,2211,1999,-50,-56
4.1461,2211,1999,-50,-56
4.1465,2211,1999,-50,-56
4.1469,2211,1999,-50,-56
4.1473,2211,1999,-50,-64
4.1477,2211,1999,-50,-64
4.1481,2211,1999,-50,-64
4.1485,2211,1999,-50,-64
4.1489,2211,1999,-50,-64
4.1493,2211,1999,-50,-64
4.1497,2211,1999,-50,-64
4.1501,2205,1999,-50,-72
4.1509,2205,1999,-50,-72
4.1513,2205,1999,-50,-72
4.1516,2205,1999,-50,-72
4.1520,2205,1999,-50,-72
4.1524,2205,1999,-50,-72
4.1527,2205,1999,-50,-72
4.1531,2205,1999,-50,-72
4.1535,2205,1999,0,-72
4.1539,2205,1999,0,-72
4.1543,2205,1999,0,-80
4.1546,2205,1999,0,-80
4.1550,2205,1999,0,-80
4.1554,2205,1999,0,-80
4.1557,2205,1999,0,-80
4.1561,2205,1999,0,-80
4.1565,2205,1999,0,-80
4.1569,2205,1999,0,-80
4.1573,2205,1999,0,-104
4.1577,2205,1999,0,-104
4.1581,2205,1999,0,-104
4.1584,2205,1999,0,-104
4.1588,2205,1999,0,-104
4.1592,2205,1999,0,-104
4.1595,2205,1999,0,-104
4.1599,2205,1999,0,-104
4.1603,2197,1999,0,-112
4.1610,2197,1999,0,-112
4.1614,2197,1999,0,-112
4.1617,2197,1999,0,-112
4.1621,2197,1999,0,-112
4.1625,2197,1999,0,-112
4.1628,2197,1999,0,-112
4.1632,2197,1999,0,-120
4.1637,2197,1999,0,-120
4.1641,2197,1999,0,-120
4.1645,2197,1999,0,-120
4.1649,2197,1999,0,-120
4.1653,2197,1999,0,-120
4.1657,2197,1999,0,-120
4.1660,2197,1999,0,-120
4.1664,2197,2000,0,-120
4.1668,2197,2000,0,-120
4.1672,2197,2000,0,-120
4.1676,2197,2000,0,-120
4.1680,2197,2000,0,-120
4.1684,2197,2000,0,-120
4.1688,2197,2000,0,-120
4.1692,2197,2000,0,-128
4.1696,2197,2000,0,-128
4.1701,2187,2001,0,-120
4.1708,2187,2001,0,-120
4.1712,2187,2001,0,-128
4.1716,2187,2001,0,-128
4.1720,2187,2001,0,-128
4.1724,2187,2001,0,-128
4.1728,2187,2001,0,-128
4.1732,2187,2001,100,-128
4.1735,2187,2001,100,-128
4.1739,2187,2001,100,-128
4.1743,2187,2002,100,-128
4.1747,2187,2002,100,-128
4.1751,2187,2002,100,-128
4.1754,2187,2002,100,-128
4.1758,2187,2002,100,-128
4.1762,2187,2002,100,-136
4.1767,2187,2002,100,-136
4.1770,2187,2002,100,-136
4.1774,2187,2002,100,-128
4.1778,2187,2002,100,-128
4.1782,2187,2003,100,-128
4.1785,2187,2003,100,-128
4.1789,2187,2003,100,-128
4.1793,2187,2003,100,-128
4.1797,2187,2003,100,-128
4.1801,2174,2004,100,-120
4.1809,2174,2004,100,-120
4.1825,2174,2004,100,-128
4.1829,2174,2004,100,-128
4.1833,2174,2005,100,-128
4.1837,2174,2005,100,-128
4.1840,2174,2005,100,-128
4.1844,2174,2005,100,-128
4.1848,2174,2005,100,-128
4.1851,2174,2005,100,-136
4.1855,2174,2005,100,-136
4.1859,2174,2005,100,-136
4.1863,2174,2006,100,-128
4.1867,2174,2006,100,-128
4.1870,2174,2006,100,-128
4.1874,2174,2006,100,-136
4.1878,2174,2006,100,-136
4.1882,2174,2006,100,-136
4.1885,2174,2006,100,-136
4.1889,2174,2006,100,-136
4.1893,2174,2006,100,-144
4.1897,2174,2006,100,-144
4.1901,2160,2007,100,-136
4.1908,2160,2007,100,-136
4.1911,2160,2007,100,-144
4.1915,2160,2007,100,-144
4.1920,2160,2007,100,-144
4.1923,2160,2008,100,-136
4.1927,2160,2008,100,-136
4.1931,2160,2008,350,-136
4.1935,2160,2008,350,-136
4.1939,2160,2008,350,-136
4.1943,2160,2008,350,-144
4.1947,2160,2008,350,-144
4.1951,2160,2009,350,-144
4.1954,2160,2009,350,-144
4.1958,2160,2009,350,-144
4.1962,2160,2009,350,-144
4.1967,2160,2009,350,-144
4.1970,2160,2010,350,-136
4.1974,2160,2010,350,-136
4.1978,2160,2010,350,-136
4.1982,2160,2010,350,-136
4.1987,2160,2010,350,-136
4.1991,2160,2011,350,-136
4.1995,2160,2011,350,-136
4.1999,2160,2011,350,-136
4.2003,2143,2011,350,-136
4.2011,2143,2011,350,-144
4.2014,2143,2011,350,-144
4.2018,2143,2011,350,-144
4.2022,2143,2012,350,-136
4.2027,2143,2012,350,-136
4.2030,2143,2012,350,-144
4.2034,2143,2012,350,-144
4.2038,2143,2012,350,-144
4.2042,2143,2012,350,-144
4.2047,2143,2012,350,-144
4.2051,2143,2013,350,-144
4.2055,2143,2013,350,-144
4.2059,2143,2013,350,-144
4.2063,2143,2013,350,-144
4.2067,2143,2013,350,-144
4.2071,2143,2014,350,-144
4.2075,2143,2014,350,-144
4.2079,2143,2014,350,-144
4.2083,2143,2014,350,-152
4.2088,2143,2014,350,-152
4.2092,2143,2014,350,-152
4.2096,2143,2014,350,-152
4.2100,2125,2015,350,-152
4.2108,2125,2015,350,-152
4.2112,2125,2015,350,-152
4.2117,2125,2015,350,-152
4.2121,2125,2016,350,-152
4.2125,2125,2016,350,-152
4.2129,2125,2016,350,-152
4.2133,2125,2016,400,-160
4.2137,2125,2016,400,-160
4.2141,2125,2017,400,-152
4.2145,2125,2017,400,-152
4.2149,2125,2017,400,-152
4.2153,2125,2017,400,-160
4.2157,2125,2017,400,-160
4.2161,2125,2018,400,-152
4.2165,2125,2018,400,-152
4.2169,2125,2018,400,-152
4.2175,2125,2018,400,-164
4.2179,2125,2018,400,-164
4.2183,2125,2019,400,-164
4.2187,2125,2019,400,-164
4.2191,2125,2019,400,-164
4.2195,2125,2019,400,-164
4.2199,2125,2019,400,-164
4.2203,2105,2020,400,-164
4.2211,2105,2020,400,-172
4.2215,2105,2020,400,-172
4.2219,2105,2020,400,-172
4.2223,2105,2020,400,-172
4.2227,2105,2020,400,-172
4.2231,2105,2021,400,-172
4.2235,2105,2021,400,-172
4.2239,2105,2021,400,-172
4.2243,2105,2021,400,-172
4.2247,2105,2021,400,-172
4.2251,2105,2022,400,-172
4.2256,2105,2022,400,-172
4.2260,2105,2022,400,-180
4.2264,2105,2022,400,-180
4.2268,2105,2022,400,-180
4.2272,2105,2023,400,-172
4.2277,2105,2023,400,-172
4.2281,2105,2023,400,-180
4.2285,2105,2023,400,-180
4.2289,2105,2023,400,-180
4.2293,2105,2024,400,-180
4.2297,2105,2024,400,-180
4.2301,2085,2024,400,-188
4.2309,2085,2025,400,-180
4.2313,2085,2025,400,-180
4.2317,2085,2025,400,-180
4.2321,2085,2025,400,-188
4.2325,2085,2025,400,-188
4.2329,2085,2026,500,-188
4.2333,2085,2026,500,-188
4.2337,2085,2026,500,-188
4.2341,2085,2026,500,-188
4.2347,2085,2026,500,-188
4.2351,2085,2027,500,-188
4.2354,2085,2027,500,-188
4.2358,2085,2027,500,-188
4.2362,2085,2027,500,-196
4.2367,2085,2027,500,-196
4.2371,2085,2028,500,-188
4.2375,2085,2028,500,-188
4.2379,2085,2028,500,-196
4.2383,2085,2028,500,-196
4.2387,2085,2028,500,-196
4.2390,2085,2029,500,-188
4.2394,2085,2029,500,-188
4.2398,2085,2029,500,-188
4.2401,2064,2030,500,-188
4.2409,2064,2030,500,-196
4.2413,2064,2030,500,-196
4.2416,2064,2030,500,-196
4.2420,2064,2031,500,-188
4.2425,2064,2031,500,-188
4.2429,2064,2031,500,-196
4.2433,2064,2031,500,-196
4.2436,2064,2031,500,-196
4.2440,2064,2032,500,-196
4.2444,2064,2032,500,-196
4.2448,2064,2032,500,-196
4.2451,2064,2033,500,-188
4.2455,2064,2033,500,-188
4.2459,2064,2033,500,-196
4.2463,2064,2033,500,-196
4.2467,2064,2033,500,-196
4.2470,2064,2034,500,-188
4.2474,2064,2034,500,-188
4.2478,2064,2034,500,-196
4.2482,2064,2034,500,-196
4.2486,2064,2034,500,-196
4.2490,2064,2035,500,-196
4.2494,2064,2035,500,-196
4.2498,2064,2035,500,-196
4.2502,2043,2035,500,-196
4.2509,2043,2036,500,-196
4.2513,2043,2036,500,-196
4.2517,2043,2036,500,-196
4.2521,2043,2037,500,-188
4.2524,2043,2037,500,-188
4.2528,2043,2038,600,-188
4.2532,2043,2038,600,-188
4.2537,2043,2038,600,-188
4.2540,2043,2038,600,-188
4.2544,2043,2038,600,-188
4.2548,2043,2039,600,-188
4.2552,2043,2039,600,-188
4.2557,2043,2039,600,-188
4.2560,2043,2040,600,-188
4.2564,2043,2040,600,-188
4.2568,2043,2040,600,-176
4.2573,2043,2040,600,-176
4.2577,2043,2040,600,-176
4.2581,2043,2041,600,-176
4.2585,2043,2041,600,-176
4.2589,2043,2042,600,-168
4.2593,2043,2042,600,-168
4.2597,2043,2042,600,-168
4.2601,2021,2042,600,-176
4.2608,2021,2043,600,-168
4.2612,2021,2043,600,-168
4.2617,2021,2043,600,-168
4.2620,2021,2043,600,-176
4.2624,2021,2043,600,-176
4.2628,2021,2044,600,-168
4.2632,2021,2044,600,-168
4.2637,2021,2044,600,-176
4.2641,2021,2044,600,-176
4.2645,2021,2044,600,-176
4.2649,2021,2045,600,-168
4.2653,2021,2045,600,-168
4.2657,2021,2045,600,-168
4.2661,2021,2046,600,-168
4.2665,2021,2046,600,-168
4.2669,2021,2046,600,-168
4.2673,2021,2046,600,-168
4.2677,2021,2047,600,-168
4.2682,2021,2047,600,-168
4.2686,2021,2047,600,-168
4.2689,2021,2048,600,-160
4.2693,2021,2048,600,-160
4.2697,2021,2048,600,-160
4.2701,2000,2048,600,-168
4.2709,2000,2049,600,-160
4.2713,2000,2049,600,-160
4.2717,2000,2049,600,-168
4.2721,2000,2049,600,-168
4.2725,2000,2049,600,-168
4.2729,2000,2050,600,-160
4.2732,2000,2050,600,-160
4.2736,2000,2051,600,-160
4.2741,2000,2051,600,-160
4.2744,2000,2051,600,-160
4.2748,2000,2051,600,-160
4.2752,2000,2051,600,-160
4.2755,2000,2051,600,-160
4.2759,2000,2052,600,-160
4.2763,2000,2052,600,-160
4.2768,2000,2053,600,-140
4.2772,2000,2053,600,-140
4.2776,2000,2053,600,-140
4.2781,2000,2053,600,-148
4.2785,2000,2053,600,-148
4.2789,2000,2054,600,-140
4.2793,2000,2054,600,-140
4.2797,2000,2054,600,-140
4.2800,1980,2054,600,-140
4.2807,1980,2055,600,-140
4.2811,1980,2055,600,-140
4.2815,1980,2055,600,-140
4.2819,1980,2056,600,-132
4.2823,1980,2056,600,-132
4.2827,1980,2056,600,-140
4.2831,1980,2056,600,-140
4.2835,1980,2056,600,-140
4.2839,1980,2057,600,-132
4.2843,1980,2057,600,-132
4.2847,1980,2058,600,-124
4.2851,1980,2058,600,-124
4.2855,1980,2058,600,-124
4.2859,1980,2058,600,-132
4.2864,1980,2058,600,-132
4.2868,1980,2059,600,-124
4.2873,1980,2059,600,-124
4.2877,1980,2059,600,-132
4.2881,1980,2059,600,-132
4.2885,1980,2059,600,-132
4.2889,1980,2060,600,-124
4.2893,1980,2060,600,-124
4.2897,1980,2061,600,-116
4.2901,1961,2061,600,-116
4.2909,1961,2061,600,-124
4.2913,1961,2061,600,-124
4.2917,1961,2062,600,-116
4.2921,1961,2062,600,-116
4.2925,1961,2062,600,-116
4.2928,1961,2063,650,-116
4.2932,1961,2063,650,-116
4.2936,1961,2063,650,-116
4.2940,1961,2063,650,-116
4.2944,1961,2063,650,-116
4.2948,1961,2063,650,-116
4.2952,1961,2063,650,-116
4.2956,1961,2064,650,-116
4.2960,1961,2064,650,-116
4.2964,1961,2064,650,-116
4.2968,1961,2065,650,-104
4.2972,1961,2065,650,-104
4.2976,1961,2065,650,-104
4.2980,1961,2065,650,-104
4.2984,1961,2065,650,-104
4.2988,1961,2065,650,-112
4.2992,1961,2065,650,-112
4.2996,1961,2066,650,-104
4.3000,1943,2066,650,-104
4.3008,1943,2066,650,-104
4.3012,1943,2066,650,-104
4.3015,1943,2066,650,-104
4.3019,1943,2067,650,-104
4.3023,1943,2067,650,-104
4.3027,1943,2067,650,-104
4.3031,1943,2067,650,-104
4.3035,1943,2067,650,-104
4.3038,1943,2068,650,-96
4.3042,1943,2068,650,-96
4.3046,1943,2068,650,-104
4.3050,1943,2068,650,-104
4.3054,1943,2068,650,-104
4.3058,1943,2069,650,-96
4.3062,1943,2069,650,-96
4.3066,1943,2069,650,-96
4.3070,1943,2069,650,-96
4.3074,1943,2069,650,-96
4.3078,1943,2070,650,-96
4.3082,1943,2070,650,-96
4.3086,1943,2070,650,-96
4.3090,1943,2070,650,-96
4.3094,1943,2070,650,-96
4.3098,1943,2070,650,-96
4.3101,1926,2071,650,-88
4.3109,1926,2071,650,-88
4.3113,1926,2071,650,-88
4.3117,1926,2071,650,-96
4.3121,1926,2071,650,-96
4.3124,1926,2071,650,-96
4.3128,1926,2072,450,-88
4.3132,1926,2072,450,-88
4.3136,1926,2072,450,-88
4.3140,1926,2072,450,-88
4.3144,1926,2072,450,-88
4.3148,1926,2073,450,-80
4.3152,1926,2073,450,-80
4.3156,1926,2073,450,-88
4.3160,1926,2073,450,-88
4.3164,1926,2073,450,-88
4.3168,1926,2074,450,-84
4.3172,1926,2074,450,-84
4.3177,1926,2074,450,-84
4.3180,1926,2074,450,-84
4.3184,1926,2074,450,-84
4.3188,1926,2074,450,-84
4.3192,1926,2074,450,-84
4.3196,1926,2075,450,-84
4.3200,1911,2075,450,-84
4.3208,1911,2075,450,-84
4.3211,1911,2075,450,-84
4.3215,1911,2076,450,-76
4.3219,1911,2076,450,-76
4.3223,1911,2076,450,-76
4.3227,1911,2076,450,-76
4.3231,1911,2076,450,-76
4.3235,1911,2076,450,-84
4.3239,1911,2076,450,-84
4.3243,1911,2076,450,-84
4.3247,1911,2077,450,-76
4.3251,1911,2077,450,-76
4.3255,1911,2077,450,-76
4.3259,1911,2077,450,-76
4.3263,1911,2077,450,-76
4.3266,1911,2078,450,-68
4.3270,1911,2078,450,-68
4.3274,1911,2078,450,-68
4.3278,1911,2078,450,-68
4.3282,1911,2078,450,-68
4.3286,1911,2078,450,-76
4.3290,1911,2078,450,-76
4.3294,1911,2078,450,-76
4.3298,1911,2079,450,-68
4.3302,1899,2079,450,-68
4.3309,1899,2079,450,-68
4.3313,1899,2079,450,-68
4.3317,1899,2080,450,-60
4.3321,1899,2080,450,-60
4.3325,1899,2080,400,-60
4.3329,1899,2080,400,-60
4.3333,1899,2080,400,-60
4.3337,1899,2080,400,-60
4.3341,1899,2080,400,-60
4.3345,1899,2081,400,-60
4.3349,1899,2081,400,-60
4.3353,1899,2081,400,-60
4.3357,1899,2081,400,-60
4.3361,1899,2081,400,-60
4.3365,1899,2081,400,-60
4.3369,1899,2081,400,-60
4.3373,1899,2081,400,-60
4.3377,1899,2082,400,-52
4.3381,1899,2082,400,-52
4.3385,1899,2082,400,-52
4.3389,1899,2082,400,-52
4.3393,1899,2082,400,-52
4.3397,1899,2082,400,-52
4.3400,1889,2082,400,-52
4.3407,1889,2083,400,-44
4.3411,1889,2083,400,-44
4.3415,1889,2083,400,-52
4.3419,1889,2083,400,-52
4.3423,1889,2083,400,-52
4.3427,1889,2083,400,-52
4.3431,1889,2083,400,-52
4.3434,1889,2083,400,-52
4.3438,1889,2083,400,-52
4.3442,1889,2083,400,-52
4.3445,1889,2084,400,-44
4.3449,1889,2084,400,-44
4.3453,1889,2084,400,-44
4.3457,1889,2084,400,-44
4.3460,1889,2084,400,-44
4.3464,1889,2084,400,-44
4.3468,1889,2084,400,-44
4.3472,1889,2084,400,-44
4.3476,1889,2084,400,-44
4.3480,1889,2084,400,-44
4.3484,1889,2085,400,-36
4.3488,1889,2085,400,-36
4.3491,1889,2085,400,-36
4.3495,1889,2085,400,-36
4.3499,1889,2085,400,-36
4.3503,1881,2085,400,-36
4.3510,1881,2085,400,-36
4.3514,1881,2085,400,-44
4.3518,1881,2085,400,-44
4.3522,1881,2085,400,-44
4.3525,1881,2086,300,-36
4.3529,1881,2086,300,-36
4.3533,1881,2086,300,-36
4.3537,1881,2086,300,-36
4.3541,1881,2086,300,-36
4.3545,1881,2086,300,-36
4.3549,1881,2086,300,-36
4.3553,1881,2086,300,-36
4.3557,1881,2086,300,-36
4.3561,1881,2086,300,-36
4.3565,1881,2087,300,-24
4.3569,1881,2087,300,-24
4.3573,1881,2087,300,-24
4.3577,1881,2087,300,-24
4.3581,1881,2087,300,-24
4.3585,1881,2087,300,-24
4.3589,1881,2087,300,-24
4.3593,1881,2087,300,-24
4.3597,1881,2087,300,-24
4.3601,1875,2087,300,-24
4.3608,1875,2087,300,-24
4.3612,1875,2087,300,-24
4.3616,1875,2088,300,0
4.3620,1875,2088,300,0
4.3624,1875,2088,300,24
4.3628,1875,2088,300,24
4.3632,1875,2088,300,24
4.3637,1875,2088,300,24
4.3641,1875,2088,300,24
4.3644,1875,2088,300,24
4.3648,1875,2088,300,24
4.3652,1875,2088,300,24
4.3657,1875,2088,300,24
4.3660,1875,2088,300,24
4.3664,1875,2088,300,24
4.3668,1875,2088,300,24
4.3672,1875,2088,300,24
4.3676,1875,2088,300,24
4.3681,1875,2088,300,24
4.3685,1875,2089,300,32
4.3689,1875,2089,300,32
4.3692,1875,2089,300,32
4.3696,1875,2089,300,32
4.3701,1873,2089,300,32
4.3708,1873,2089,300,32
4.3713,1873,2089,300,32
4.3717,1873,2089,300,32
4.3721,1873,2089,300,32
4.3725,1873,2089,150,32
4.3729,1873,2089,150,32
4.3733,1873,2089,150,32
4.3737,1873,2089,150,32
4.3741,1873,2089,150,32
4.3745,1873,2089,150,32
4.3749,1873,2089,150,32
4.3753,1873,2089,150,32
4.3757,1873,2089,150,32
4.3761,1873,2089,150,32
4.3764,1873,2089,150,28
4.3768,1873,2089,150,28
4.3772,1873,2089,150,28
4.3776,1873,2089,150,28
4.3780,1873,2089,150,28
4.3784,1873,2089,150,28
4.3787,1873,2089,150,28
4.3791,1873,2089,150,28
4.3795,1873,2089,150,28
4.3798,1873,2089,150,28
4.3802,1873,2090,150,36
4.3809,1873,2090,150,36
4.3813,1873,2090,150,36
4.3816,1873,2090,150,36
4.3820,1873,2090,150,36
4.3824,1873,2090,150,36
4.3827,1873,2090,150,36
4.3831,1873,2090,150,36
4.3835,1873,2090,150,36
4.3838,1873,2090,150,36
4.3842,1873,2090,150,36
4.3846,1873,2090,150,36
4.3850,1873,2090,150,36
4.3854,1873,2090,150,44
4.3857,1873,2090,150,44
4.3861,1873,2090,150,44
4.3865,1873,2090,150,44
4.3868,1873,2090,150,44
4.3872,1873,2090,150,44
4.3876,1873,2090,150,44
4.3880,1873,2090,150,44
4.3884,1873,2090,150,44
4.3887,1873,2090,150,44
4.3891,1873,2090,150,44
4.3894,1873,2090,150,44
4.3898,1873,2090,150,44
4.3901,1875,2090,150,52
4.3908,1875,2090,150,52
4.3912,1875,2090,150,52
4.3916,1875,2090,150,52
4.3920,1875,2090,150,52
4.3924,1875,2090,50,52
4.3928,1875,2090,50,52
4.3931,1875,2090,50,52
4.3935,1875,2090,50,52
4.3939,1875,2090,50,52
4.3943,1875,2090,50,60
4.3946,1875,2090,50,60
4.3950,1875,2090,50,60
4.3953,1875,2090,50,60
4.3957,1875,2090,50,60
4.3961,1875,2090,50,60
4.3964,1875,2090,50,64
4.3968,1875,2090,50,64
4.3972,1875,2090,50,64
4.3976,1875,2090,50,64
4.3980,1875,2090,50,64
4.3984,1875,2090,50,72
4.3987,1875,2090,50,72
4.3991,1875,2090,50,72
4.3995,1875,2090,50,72
4.3998,1875,2090,50,72
4.4002,1881,2090,50,72
4.4010,1881,2090,50,72
4.4013,1881,2090,50,72
4.4016,1881,2090,50,72
4.4020,1881,2090,50,72
4.4024,1881,2090,50,80
4.4027,1881,2090,50,80
4.4031,1881,2090,50,80
4.4035,1881,2090,50,80
4.4038,1881,2090,50,80
4.4042,1881,2090,50,80
4.4046,1881,2090,50,80
4.4050,1881,2090,50,80
4.4054,1881,2090,50,88
4.4057,1881,2090,50,88
4.4061,1881,2090,50,88
4.4065,1881,2090,50,88
4.4068,1881,2090,50,88
4.4072,1881,2090,50,88
4.4077,1881,2090,50,88
4.4080,1881,2090,50,88
4.4084,1881,2090,50,88
4.4088,1881,2090,50,88
4.4092,1881,2090,50,96
4.4096,1881,2090,50,96
4.4100,1889,2090,50,96
4.4107,1889,2090,50,96
4.4111,1889,2090,50,96
4.4115,1889,2090,50,96
4.4118,1889,2090,50,96
4.4122,1889,2090,0,104
4.4126,1889,2090,0,104
4.4130,1889,2090,0,104
4.4134,1889,2090,0,104
4.4138,1889,2090,0,104
4.4142,1889,2090,0,104
4.4145,1889,2090,0,104
4.4149,1889,2090,0,104
4.4153,1889,2090,0,112
4.4157,1889,2090,0,112
4.4160,1889,2090,0,120
4.4164,1889,2090,0,120
4.4168,1889,2090,0,120
4.4172,1889,2090,0,120
4.4176,1889,2090,0,120
4.4179,1889,2090,0,120
4.4183,1889,2090,0,128
4.4187,1889,2090,0,128
4.4191,1889,2090,0,128
4.4194,1889,2090,0,128
4.4198,1889,2090,0,128
4.4202,1899,2090,0,128
4.4209,1899,2090,0,128
4.4213,1899,2090,0,136
4.4217,1899,2090,0,136
4.4221,1899,2090,0,136
4.4225,1899,2090,0,136
4.4229,1899,2090,0,136
4.4233,1899,2089,0,136
4.4237,1899,2089,0,136
4.4241,1899,2089,0,136
4.4245,1899,2089,0,136
4.4249,1899,2089,0,136
4.4253,1899,2089,0,136
4.4257,1899,2089,0,136
4.4261,1899,2089,0,144
4.4265,1899,2089,0,144
4.4269,1899,2089,0,144
4.4273,1899,2088,0,136
4.4277,1899,2088,0,136
4.4281,1899,2088,0,144
4.4285,1899,2088,0,144
4.4289,1899,2088,0,144
4.4293,1899,2088,0,144
4.4297,1899,2088,0,144
4.4301,1912,2087,0,136
4.4308,1912,2087,0,136
4.4312,1912,2087,0,144
4.4317,1912,2087,0,144
4.4320,1912,2087,-150,144
4.4324,1912,2087,-150,144
4.4328,1912,2087,-150,144
4.4332,1912,2086,-150,144
4.4337,1912,2086,-150,144
4.4341,1912,2086,-150,144
4.4345,1912,2086,-150,144
4.4349,1912,2086,-150,144
4.4352,1912,2086,-150,152
4.4357,1912,2086,-150,152
4.4361,1912,2086,-150,144
4.4364,1912,2086,-150,144
4.4368,1912,2086,-150,144
4.4372,1912,2085,-150,136
4.4377,1912,2085,-150,136
4.4381,1912,2085,-150,144
4.4385,1912,2085,-150,144
4.4389,1912,2085,-150,144
4.4393,1912,2085,-150,144
4.4397,1912,2085,-150,144
4.4400,1926,2084,-150,144
4.4408,1926,2084,-150,144
4.4412,1926,2084,-150,144
4.4416,1926,2084,-150,144
4.4421,1926,2084,-150,152
4.4424,1926,2084,-150,152
4.4428,1926,2084,-150,152
4.4432,1926,2083,-150,144
4.4436,1926,2083,-150,144
4.4440,1926,2083,-150,152
4.4444,1926,2083,-150,152
4.4448,1926,2083,-150,152
4.4452,1926,2082,-150,144
4.4457,1926,2082,-150,144
4.4460,1926,2082,-150,152
4.4464,1926,2082,-150,152
4.4468,1926,2082,-150,152
4.4472,1926,2081,-150,144
4.4477,1926,2081,-150,144
4.4480,1926,2081,-150,152
4.4484,1926,2081,-150,152
4.4488,1926,2081,-150,152
4.4492,1926,2081,-150,152
4.4496,1926,2081,-150,152
4.4500,1943,2080,-150,152
4.4508,1943,2080,-150,152
4.4512,1943,2080,-150,152
4.4516,1943,2080,-150,152
4.4521,1943,2079,-400,152
4.4525,1943,2079,-400,152
4.4529,1943,2079,-400,152
4.4533,1943,2079,-400,152
4.4537,1943,2079,-400,152
4.4541,1943,2078,-400,152
4.4546,1943,2078,-400,152
4.4549,1943,2078,-400,152
4.4553,1943,2078,-400,152
4.4558,1943,2078,-400,152
4.4562,1943,2077,-400,140
4.4566,1943,2077,-400,140
4.4570,1943,2077,-400,140
4.4574,1943,2077,-400,140
4.4578,1943,2077,-400,140
4.4582,1943,2077,-400,148
4.4585,1943,2077,-400,148
4.4590,1943,2076,-400,148
4.4595,1943,2076,-400,148
4.4599,1943,2076,-400,148
4.4603,1961,2076,-400,148
4.4610,1961,2076,-400,156
4.4614,1961,2076,-400,156
4.4618,1961,2075,-400,148
4.4622,1961,2075,-400,148
4.4626,1961,2075,-400,148
4.4631,1961,2074,-400,148
4.4634,1961,2074,-400,148
4.4638,1961,2074,-400,148
4.4642,1961,2074,-400,148
4.4647,1961,2074,-400,148
4.4651,1961,2074,-400,156
4.4655,1961,2074,-400,156
4.4660,1961,2073,-400,156
4.4664,1961,2073,-400,156
4.4668,1961,2072,-400,148
4.4672,1961,2072,-400,148
4.4676,1961,2072,-400,148
4.4680,1961,2072,-400,156
4.4684,1961,2072,-400,156
4.4688,1961,2071,-400,148
4.4692,1961,2071,-400,148
4.4697,1961,2071,-400,148
4.4700,1980,2071,-400,156
4.4708,1980,2071,-400,164
4.4712,1980,2071,-400,164
4.4717,1980,2071,-400,164
4.4720,1980,2070,-450,156
4.4724,1980,2070,-450,156
4.4728,1980,2070,-450,164
4.4732,1980,2070,-450,164
4.4737,1980,2070,-450,164
4.4741,1980,2069,-450,164
4.4745,1980,2069,-450,164
4.4749,1980,2069,-450,164
4.4752,1980,2069,-450,164
4.4757,1980,2069,-450,164
4.4761,1980,2068,-450,172
4.4765,1980,2068,-450,172
4.4769,1980,2067,-450,172
4.4773,1980,2067,-450,172
4.4777,1980,2067,-450,172
4.4781,1980,2067,-450,172
4.4785,1980,2067,-450,172
4.4789,1980,2066,-450,172
4.4793,1980,2066,-450,172
4.4797,1980,2066,-450,172
4.4800,2001,2066,-450,180
4.4807,2001,2066,-450,180
4.4811,2001,2066,-450,180
4.4815,2001,2066,-450,180
4.4819,2001,2065,-450,180
4.4823,2001,2065,-450,180
4.4826,2001,2065,-450,180
4.4830,2001,2064,-450,180
4.4834,2001,2064,-450,180
4.4838,2001,2064,-450,180
4.4841,2001,2064,-450,180
4.4845,2001,2064,-450,180
4.4850,2001,2064,-450,188
4.4854,2001,2064,-450,188
4.4858,2001,2063,-450,188
4.4861,2001,2063,-450,188
4.4865,2001,2063,-450,188
4.4869,2001,2063,-450,188
4.4873,2001,2063,-450,188
4.4876,2001,2063,-450,188
4.4880,2001,2062,-450,188
4.4884,2001,2062,-450,188
4.4887,2001,2062,-450,188
4.4891,2001,2062,-450,188
4.4895,2001,2062,-450,188
4.4899,2001,2061,-450,188
4.4903,2022,2061,-450,188
4.4910,2022,2060,-450,188
4.4914,2022,2060,-450,188
4.4918,2022,2060,-500,188
4.4921,2022,2060,-500,188
4.4925,2022,2060,-500,188
4.4929,2022,2059,-500,188
4.4933,2022,2059,-500,188
4.4937,2022,2059,-500,196
4.4940,2022,2059,-500,196
4.4944,2022,2059,-500,196
4.4948,2022,2058,-500,188
4.4951,2022,2058,-500,188
4.4955,2022,2058,-500,188
4.4959,2022,2057,-500,184
4.4963,2022,2057,-500,184
4.4966,2022,2056,-500,176
4.4970,2022,2056,-500,176
4.4974,2022,2056,-500,176
4.4978,2022,2056,-500,184
4.4982,2022,2056,-500,184
4.4985,2022,2056,-500,184
4.4989,2022,2055,-500,184
4.4993,2022,2055,-500,184
4.4996,2022,2055,-500,184
4.5000,2043,2055,-500,184
4.5007,2043,2055,-500,192
4.5011,2043,2055,-500,192
4.5015,2043,2055,-500,192
4.5019,2043,2054,-500,184
4.5023,2043,2054,-500,184
4.5027,2043,2053,-500,184
4.5031,2043,2053,-500,184
4.5035,2043,2053,-500,184
4.5039,2043,2053,-500,184
4.5043,2043,2053,-500,184
4.5047,2043,2052,-500,184
4.5051,2043,2052,-500,184
4.5055,2043,2052,-500,184
4.5059,2043,2051,-500,184
4.5063,2043,2051,-500,184
4.5067,2043,2051,-500,184
4.5070,2043,2051,-500,184
4.5074,2043,2051,-500,184
4.5078,2043,2050,-500,184
4.5082,2043,2050,-500,184
4.5085,2043,2050,-500,184
4.5089,2043,2050,-500,184
4.5093,2043,2050,-500,184
4.5097,2043,2049,-500,184
4.5101,2065,2049,-500,184
4.5108,2065,2049,-500,184
4.5112,2065,2049,-500,184
4.5116,2065,2048,-600,184
4.5120,2065,2048,-600,184
4.5124,2065,2048,-600,184
4.5128,2065,2047,-600,176
4.5132,2065,2047,-600,176
4.5136,2065,2046,-600,176
4.5140,2065,2046,-600,176
4.5144,2065,2046,-600,176
4.5148,2065,2046,-600,176
4.5152,2065,2046,-600,176
4.5156,2065,2045,-600,164
4.5160,2065,2045,-600,164
4.5164,2065,2045,-600,164
4.5168,2065,2044,-600,156
4.5171,2065,2044,-600,156
4.5175,2065,2044,-600,164
4.5179,2065,2044,-600,164
4.5183,2065,2044,-600,164
4.5187,2065,2043,-600,156
4.5191,2065,2043,-600,156
4.5195,2065,2043,-600,164
4.5199,2065,2043,-600,164
4.5203,2086,2042,-600,156
4.5211,2086,2042,-600,156
4.5215,2086,2042,-600,156
4.5219,2086,2042,-600,164
4.5223,2086,2042,-600,164
4.5228,2086,2041,-600,156
4.5232,2086,2041,-600,156
4.5236,2086,2040,-600,156
4.5240,2086,2040,-600,156
4.5244,2086,2040,-600,156
4.5248,2086,2039,-600,148
4.5252,2086,2039,-600,148
4.5256,2086,2039,-600,156
4.5260,2086,2039,-600,156
4.5264,2086,2039,-600,156
4.5268,2086,2038,-600,148
4.5272,2086,2038,-600,148
4.5277,2086,2038,-600,156
4.5281,2086,2038,-600,156
4.5284,2086,2038,-600,156
4.5289,2086,2037,-600,148
4.5293,2086,2037,-600,148
4.5297,2086,2036,-600,140
4.5301,2106,2036,-600,140
4.5308,2106,2036,-600,148
4.5312,2106,2036,-600,148
4.5317,2106,2035,-650,140
4.5321,2106,2035,-650,140
4.5325,2106,2034,-650,140
4.5329,2106,2034,-650,140
4.5333,2106,2034,-650,140
4.5337,2106,2034,-650,140
4.5341,2106,2034,-650,140
4.5345,2106,2033,-650,132
4.5349,2106,2033,-650,132
4.5353,2106,2033,-650,132
4.5357,2106,2033,-650,132
4.5361,2106,2033,-650,132
4.5365,2106,2032,-650,124
4.5369,2106,2032,-650,124
4.5373,2106,2032,-650,124
4.5377,2106,2032,-650,132
4.5381,2106,2032,-650,132
4.5385,2106,2031,-650,124
4.5389,2106,2031,-650,124
4.5393,2106,2031,-650,124
4.5397,2106,2031,-650,124
4.5400,2125,2031,-650,124
4.5407,2125,2030,-650,124
4.5411,2125,2030,-650,124
4.5415,2125,2029,-650,116
4.5418,2125,2029,-650,116
4.5422,2125,2029,-650,116
4.5426,2125,2029,-650,124
4.5430,2125,2029,-650,124
4.5434,2125,2029,-650,124
4.5438,2125,2028,-650,116
4.5441,2125,2028,-650,116
4.5445,2125,2028,-650,116
4.5449,2125,2028,-650,116
4.5453,2125,2028,-650,116
4.5456,2125,2028,-650,124
4.5460,2125,2028,-650,124
4.5464,2125,2028,-650,124
4.5467,2125,2027,-650,116
4.5471,2125,2027,-650,116
4.5475,2125,2026,-650,108
4.5478,2125,2026,-650,108
4.5482,2125,2026,-650,108
4.5485,2125,2026,-650,116
4.5489,2125,2026,-650,116
4.5493,2125,2026,-650,116
4.5497,2125,2025,-650,108
4.5500,2143,2025,-650,108
4.5508,2143,2025,-650,108
4.5512,2143,2025,-650,108
4.5516,2143,2024,-550,108
4.5520,2143,2024,-550,108
4.5524,2143,2024,-550,108
4.5527,2143,2024,-550,108
4.5531,2143,2024,-550,108
4.5535,2143,2023,-550,100
4.5538,2143,2023,-550,100
4.5542,2143,2023,-550,100
4.5545,2143,2023,-550,108
4.5549,2143,2023,-550,108
4.5553,2143,2023,-550,108
4.5556,2143,2022,-550,96
4.5561,2143,2022,-550,96
4.5565,2143,2022,-550,96
4.5568,2143,2022,-550,96
4.5572,2143,2022,-550,96
4.5576,2143,2021,-550,96
4.5580,2143,2021,-550,96
4.5584,2143,2021,-550,96
4.5588,2143,2021,-550,96
4.5591,2143,2021,-550,96
4.5595,2143,2021,-550,96
4.5599,2143,2021,-550,96
4.5603,2160,2020,-550,88
4.5610,2160,2020,-550,88
4.5614,2160,2019,-550,88
4.5617,2160,2019,-550,88
4.5621,2160,2019,-550,88
4.5625,2160,2019,-550,88
4.5629,2160,2019,-550,88
4.5633,2160,2019,-550,88
4.5636,2160,2018,-550,80
4.5640,2160,2018,-550,80
4.5643,2160,2018,-550,80
4.5647,2160,2018,-550,80
4.5651,2160,2018,-550,80
4.5654,2160,2017,-550,80
4.5658,2160,2017,-550,80
4.5662,2160,2017,-550,80
4.5667,2160,2017,-550,80
4.5670,2160,2017,-550,80
4.5674,2160,2017,-550,80
4.5678,2160,2017,-550,80
4.5682,2160,2017,-550,80
4.5685,2160,2016,-550,72
4.5689,2160,2016,-550,72
4.5694,2160,2016,-550,80
4.5698,2160,2016,-550,80
4.5701,2175,2015,-550,72
4.5708,2175,2015,-550,72
4.5713,2175,2015,-550,72
4.5716,2175,2015,-450,72
4.5720,2175,2015,-450,72
4.5724,2175,2014,-450,64
4.5727,2175,2014,-450,64
4.5731,2175,2014,-450,64
4.5735,2175,2014,-450,72
4.5739,2175,2014,-450,72
4.5743,2175,2014,-450,72
4.5746,2175,2014,-450,72
4.5750,2175,2014,-450,72
4.5754,2175,2013,-450,64
4.5758,2175,2013,-450,64
4.5762,2175,2013,-450,64
4.5766,2175,2013,-450,64
4.5769,2175,2013,-450,64
4.5773,2175,2013,-450,64
4.5777,2175,2013,-450,64
4.5780,2175,2013,-450,64
4.5784,2175,2012,-450,64
4.5788,2175,2012,-450,64
4.5792,2175,2012,-450,64
4.5795,2175,2012,-450,64
4.5799,2175,2012,-450,64
4.5803,2187,2012,-450,64
4.5810,2187,2012,-450,64
4.5814,2187,2011,-450,56
4.5818,2187,2011,-450,56
4.5822,2187,2011,-450,56
4.5826,2187,2011,-450,56
4.5830,2187,2011,-450,56
4.5834,2187,2010,-450,48
4.5837,2187,2010,-450,48
4.5841,2187,2010,-450,48
4.5845,2187,2010,-450,56
4.5848,2187,2010,-450,56
4.5852,2187,2010,-450,56
4.5855,2187,2010,-450,56
4.5859,2187,2010,-450,56
4.5863,2187,2010,-450,56
4.5867,2187,2010,-450,56
4.5870,2187,2010,-450,56
4.5874,2187,2009,-450,48
4.5878,2187,2009,-450,48
4.5881,2187,2009,-450,48
4.5885,2187,2009,-450,48
4.5889,2187,2009,-450,48
4.5893,2187,2009,-450,48
4.5897,2187,2009,-450,48
4.5900,2197,2008,-450,40
4.5907,2197,2008,-450,40
4.5911,2197,2008,-450,40
4.5915,2197,2008,-350,48
4.5918,2197,2008,-350,48
4.5922,2197,2008,-350,48
4.5926,2197,2008,-350,48
4.5930,2197,2008,-350,48
4.5934,2197,2008,-350,48
4.5938,2197,2008,-350,48
4.5941,2197,2008,-350,48
4.5945,2197,2007,-350,40
4.5949,2197,2007,-350,40
4.5953,2197,2007,-350,44
4.5956,2197,2007,-350,44
4.5960,2197,2007,-350,44
4.5964,2197,2007,-350,44
4.5968,2197,2007,-350,44
4.5971,2197,2007,-350,44
4.5976,2197,2007,-350,44
4.5979,2197,2007,-350,44
4.5983,2197,2007,-350,44
4.5987,2197,2007,-350,44
4.5990,2197,2007,-350,44
4.5994,2197,2006,-350,36
4.5998,2197,2006,-350,36
4.6001,2205,2006,-350,36
4.6008,2205,2006,-350,36
4.6012,2205,2006,-350,44
4.6016,2205,2006,-350,44
4.6019,2205,2006,-350,44
4.6023,2205,2005,-350,36
4.6026,2205,2005,-350,36
4.6030,2205,2005,-350,36
4.6034,2205,2005,-350,36
4.6038,2205,2005,-350,36
4.6043,2205,2005,-350,36
4.6046,2205,2005,-350,36
4.6050,2205,2005,-350,36
4.6054,2205,2005,-350,36
4.6058,2205,2005,-350,36
4.6061,2205,2005,-350,36
4.6065,2205,2005,-350,36
4.6069,2205,2005,-350,36
4.6073,2205,2004,-350,28
4.6076,2205,2004,-350,28
4.6080,2205,2004,-350,28
4.6084,2205,2004,-350,28
4.6088,2205,2004,-350,28
4.6091,2205,2004,-350,28
4.6095,2205,2004,-350,28
4.6099,2205,2004,-350,28
4.6103,2211,2004,-350,28
4.6110,2211,2004,-350,28
4.6114,2211,2004,-200,28
4.6118,2211,2004,-200,28
4.6121,2211,2003,-200,-20
4.6125,2211,2003,-200,-20
4.6129,2211,2003,-200,-20
4.6133,2211,2003,-200,-20
4.6137,2211,2003,-200,-20
4.6140,2211,2003,-200,-20
4.6144,2211,2003,-200,-20
4.6148,2211,2003,-200,-20
4.6152,2211,2003,-200,-24
4.6156,2211,2003,-200,-24
4.6161,2211,2003,-200,-24
4.6164,2211,2003,-200,-24
4.6168,2211,2003,-200,-24
4.6172,2211,2003,-200,-24
4.6177,2211,2003,-200,-24
4.6181,2211,2002,-200,-32
4.6184,2211,2002,-200,-32
4.6188,2211,2002,-200,-32
4.6192,2211,2002,-200,-32
4.6196,2211,2002,-200,-32
4.6200,2213,2002,-200,-32
4.6207,2213,2002,-200,-32
4.6211,2213,2002,-200,-32
4.6215,2213,2002,-200,-32
4.6219,2213,2002,-200,-32
4.6223,2213,2002,-200,-32
4.6227,2213,2002,-200,-32
4.6230,2213,2002,-200,-32
4.6234,2213,2002,-200,-32
4.6238,2213,2002,-200,-32
4.6242,2213,2002,-200,-32
4.6247,2213,2002,-200,-32
4.6250,2213,2002,-200,-32
4.6254,2213,2002,-200,-32
4.6258,2213,2002,-200,-32
4.6262,2213,2002,-200,-32
4.6267,2213,2002,-200,-32
4.6271,2213,2002,-200,-32
4.6274,2213,2002,-200,-32
4.6278,2213,2002,-200,-32
4.6282,2213,2002,-200,-32
4.6287,2213,2002,-200,-32
4.6291,2213,2002,-200,-32
4.6295,2213,2002,-200,-32
4.6299,2213,2002,-200,-32
4.6303,2213,2002,-200,-32
4.6311,2213,2002,-100,-32
4.6315,2213,2002,-100,-32
4.6319,2213,2002,-100,-32
4.6322,2213,2002,-100,-32
4.6326,2213,2002,-100,-32
4.6330,2213,2002,-100,-32
4.6335,2213,2002,-100,-32
4.6339,2213,2002,-100,-32
4.6343,2213,2002,-100,-32
4.6347,2213,2002,-100,-32
4.6351,2213,2002,-100,-32
4.6355,2213,2002,-100,-32
4.6359,2213,2002,-100,-32
4.6363,2213,2002,-100,-32
4.6367,2213,2002,-100,-32
4.6371,2213,2002,-100,-32
4.6375,2213,2002,-100,-32
4.6379,2213,2002,-100,-32
4.6383,2213,2002,-100,-32
4.6387,2213,2002,-100,-32
4.6391,2213,2002,-100,-32
4.6395,2213,2002,-100,-32
4.6398,2213,2002,-100,-32
4.6402,2211,2002,-100,-40
4.6410,2211,2002,-100,-40
4.6414,2211,2002,-100,-40
4.6418,2211,2002,-100,-40
4.6422,2211,2002,-100,-40
4.6426,2211,2002,-100,-40
4.6430,2211,2002,-100,-40
4.6434,2211,2002,-100,-40
4.6438,2211,2002,-100,-40
4.6442,2211,2002,-100,-48
4.6446,2211,2002,-100,-48
4.6450,2211,2002,-100,-48
4.6455,2211,2002,-100,-48
4.6458,2211,2002,-100,-48
4.6462,2211,2002,-100,-48
4.6466,2211,2002,-100,-48
4.6470,2211,2002,-100,-48
4.6474,2211,2002,-100,-48
4.6478,2211,2002,-100,-48
4.6482,2211,2002,-100,-56
4.6486,2211,2002,-100,-56
4.6490,2211,2002,-100,-56
4.6494,2211,2002,-100,-56
4.6498,2211,2002,-100,-56
4.6502,2205,2002,-100,-56
4.6510,2205,2002,0,-56
4.6514,2205,2002,0,-56
4.6518,2205,2002,0,-56
4.6522,2205,2002,0,-64
4.6527,2205,2002,0,-64
4.6531,2205,2002,0,-64
4.6535,2205,2002,0,-64
4.6538,2205,2002,0,-64
4.6542,2205,2002,0,-64
4.6546,2205,2002,0,-64
4.6550,2205,2002,0,-84
4.6554,2205,2002,0,-84
4.6558,2205,2002,0,-84
4.6562,2205,2002,0,-84
4.6565,2205,2002,0,-84
4.6569,2205,2002,0,-84
4.6573,2205,2002,0,-84
4.6577,2205,2002,0,-84
4.6580,2205,2002,0,-84
4.6584,2205,2002,0,-84
4.6588,2205,2002,0,-84
4.6592,2205,2002,0,-92
4.6596,2205,2002,0,-92
4.6600,2197,2002,0,-92
4.6607,2197,2002,0,-92
4.6611,2197,2002,0,-92
4.6615,2197,2002,0,-92
4.6619,2197,2002,0,-100
4.6623,2197,2002,0,-100
4.6627,2197,2002,0,-100
4.6631,2197,2002,0,-100
4.6635,2197,2002,0,-100
4.6638,2197,2002,0,-100
4.6642,2197,2002,0,-100
4.6646,2197,2002,0,-100
4.6650,2197,2002,0,-108
4.6654,2197,2002,0,-108
4.6657,2197,2002,0,-108
4.6661,2197,2002,0,-108
4.6665,2197,2002,0,-108
4.6669,2197,2002,0,-108
4.6673,2197,2002,0,-108
4.6676,2197,2002,0,-108
4.6680,2197,2002,0,-116
4.6684,2197,2002,0,-116
4.6687,2197,2002,0,-116
4.6691,2197,2002,0,-116
4.6695,2197,2002,0,-116
4.6699,2197,2002,0,-116
4.6703,2187,2002,0,-116
4.6710,2187,2002,0,-124
4.6714,2187,2002,0,-124
4.6718,2187,2002,0,-124
4.6722,2187,2002,0,-124
4.6725,2187,2002,0,-124
4.6729,2187,2003,0,-124
4.6733,2187,2003,0,-124
4.6737,2187,2003,0,-124
4.6741,2187,2003,0,-124
4.6744,2187,2003,0,-124
4.6748,2187,2003,0,-124
4.6751,2187,2003,0,-124
4.6755,2187,2003,0,-124
4.6759,2187,2003,0,-132
4.6763,2187,2003,0,-132
4.6766,2187,2003,0,-132
4.6770,2187,2004,0,-124
4.6774,2187,2004,0,-124
4.6778,2187,2004,0,-132
4.6781,2187,2004,0,-132
4.6785,2187,2004,0,-132
4.6789,2187,2004,0,-132
4.6793,2187,2004,0,-132
4.6797,2187,2004,0,-132
4.6801,2174,2005,0,-124
4.6808,2174,2005,0,-132
4.6812,2174,2005,0,-132
4.6816,2174,2005,0,-132
4.6820,2174,2005,0,-132
4.6824,2174,2005,0,-132
4.6828,2174,2006,0,-132
4.6831,2174,2006,0,-132
4.6835,2174,2006,0,-132
4.6839,2174,2006,0,-132
4.6843,2174,2006,0,-132
4.6846,2174,2006,0,-132
4.6850,2174,2006,0,-140
4.6854,2174,2006,0,-140
4.6857,2174,2006,0,-140
4.6861,2174,2006,0,-140
4.6864,2174,2006,0,-140
4.6868,2174,2007,0,-132
4.6872,2174,2007,0,-132
4.6875,2174,2007,0,-132
4.6879,2174,2007,0,-140
4.6883,2174,2007,0,-140
4.6886,2174,2007,0,-140
4.6890,2174,2007,0,-140
4.6893,2174,2007,0,-140
4.6897,2174,2008,0,-140
4.6901,2160,2008,0,-140
4.6908,2160,2008,300,-140
4.6912,2160,2008,300,-140
4.6915,2160,2008,300,-140
4.6919,2160,2008,300,-148
4.6922,2160,2008,300,-148
4.6927,2160,2009,300,-140
4.6931,2160,2009,300,-140
4.6934,2160,2009,300,-140
4.6938,2160,2009,300,-148
4.6942,2160,2009,300,-148
4.6945,2160,2009,300,-148
4.6949,2160,2010,300,-128
4.6953,2160,2010,300,-128
4.6957,2160,2010,300,-128
4.6960,2160,2010,300,-136
4.6964,2160,2010,300,-136
4.6968,2160,2011,300,-128
4.6972,2160,2011,300,-128
4.6975,2160,2011,300,-128
4.6980,2160,2011,300,-136
4.6984,2160,2011,300,-136
4.6988,2160,2011,300,-136
4.6992,2160,2011,300,-136
4.6995,2160,2011,300,-136
4.6999,2160,2012,300,-136
4.7003,2143,2012,300,-136
4.7010,2143,2012,300,-136
4.7014,2143,2012,300,-136
4.7017,2143,2012,300,-144
4.7021,2143,2012,300,-144
4.7024,2143,2012,300,-144
4.7028,2143,2013,300,-136
4.7032,2143,2013,300,-136
4.7035,2143,2013,300,-136
4.7039,2143,2013,300,-144
4.7043,2143,2013,300,-144
4.7047,2143,2014,300,-136
4.7051,2143,2014,300,-136
4.7055,2143,2014,300,-136
4.7059,2143,2014,300,-144
4.7063,2143,2014,300,-144
4.7066,2143,2014,300,-144
4.7070,2143,2014,300,-144
4.7074,2143,2014,300,-144
4.7078,2143,2015,300,-144
4.7082,2143,2015,300,-144
4.7085,2143,2015,300,-144
4.7089,2143,2015,300,-152
4.7093,2143,2015,300,-152
4.7097,2143,2016,300,-144
4.7100,2125,2016,300,-144
4.7107,2125,2016,400,-152
4.7111,2125,2016,400,-152
4.7114,2125,2016,400,-152
4.7118,2125,2016,400,-152
4.7121,2125,2016,400,-152
4.7125,2125,2016,400,-152
4.7129,2125,2017,400,-152
4.7132,2125,2017,400,-152
4.7136,2125,2018,400,-144
4.7140,2125,2018,400,-144
4.7143,2125,2018,400,-144
4.7147,2125,2018,400,-156
4.7150,2125,2018,400,-156
4.7154,2125,2018,400,-156
4.7158,2125,2018,400,-164
4.7161,2125,2018,400,-164
4.7165,2125,2018,400,-164
4.7169,2125,2019,400,-156
4.7173,2125,2019,400,-156
4.7176,2125,2019,400,-164
4.7180,2125,2019,400,-164
4.7184,2125,2019,400,-164
4.7187,2125,2020,400,-156
4.7191,2125,2020,400,-156
4.7195,2125,2020,400,-156
4.7198,2125,2020,400,-164
4.7202,2105,2020,400,-164
4.7209,2105,2020,400,-172
4.7212,2105,2020,400,-172
4.7216,2105,2021,400,-164
4.7220,2105,2021,400,-164
4.7224,2105,2021,400,-164
4.7228,2105,2021,400,-172
4.7232,2105,2021,400,-172
4.7236,2105,2022,400,-172
4.7240,2105,2022,400,-172
4.7245,2105,2022,400,-172
4.7249,2105,2022,400,-172
4.7253,2105,2022,400,-172
4.7257,2105,2023,400,-172
4.7261,2105,2023,400,-172
4.7265,2105,2023,400,-180
4.7269,2105,2023,400,-180
4.7273,2105,2023,400,-180
4.7277,2105,2024,400,-172
4.7281,2105,2024,400,-172
4.7285,2105,2024,400,-180
4.7289,2105,2024,400,-180
4.7293,2105,2024,400,-180
4.7297,2105,2025,400,-180
4.7301,2085,2025,400,-180
4.7308,2085,2025,450,-180
4.7312,2085,2025,450,-180
4.7316,2085,2026,450,-180
4.7320,2085,2026,450,-180
4.7325,2085,2026,450,-180
4.7329,2085,2027,450,-180
4.7333,2085,2027,450,-180
4.7336,2085,2027,450,-180
4.7340,2085,2027,450,-180
4.7344,2085,2027,450,-180
4.7348,2085,2028,450,-180
4.7352,2085,2028,450,-180
4.7356,2085,2028,450,-180
4.7361,2085,2028,450,-180
4.7365,2085,2028,450,-188
4.7369,2085,2028,450,-188
4.7373,2085,2028,450,-188
4.7377,2085,2029,450,-188
4.7381,2085,2029,450,-188
4.7385,2085,2030,450,-180
4.7389,2085,2030,450,-180
4.7393,2085,2030,450,-180
4.7397,2085,2030,450,-188
4.7401,2064,2031,450,-188
4.7409,2064,2031,450,-188
4.7413,2064,2031,450,-188
4.7417,2064,2031,450,-188
4.7421,2064,2031,450,-188
4.7424,2064,2031,450,-188
4.7428,2064,2032,450,-188
4.7432,2064,2032,450,-188
4.7435,2064,2032,450,-188
4.7439,2064,2032,450,-188
4.7443,2064,2032,450,-188
4.7446,2064,2033,450,-188
4.7450,2064,2033,450,-188
4.7454,2064,2033,450,-188
4.7457,2064,2033,450,-196
4.7461,2064,2033,450,-196
4.7465,2064,2034,450,-188
4.7469,2064,2034,450,-188
4.7473,2064,2034,450,-188
4.7476,2064,2035,450,-188
4.7480,2064,2035,450,-188
4.7483,2064,2035,450,-188
4.7487,2064,2035,450,-188
4.7491,2064,2035,450,-188
4.7494,2064,2036,450,-188
4.7498,2064,2036,450,-188
4.7502,2043,2037,600,-188
4.7509,2043,2037,600,-188
4.7513,2043,2037,600,-188
4.7516,2043,2037,600,-188
4.7520,2043,2037,600,-188
4.7524,2043,2037,600,-188
4.7528,2043,2038,600,-188
4.7531,2043,2038,600,-188
4.7535,2043,2039,600,-180
4.7539,2043,2039,600,-180
4.7543,2043,2039,600,-180
4.7547,2043,2039,600,-180
4.7551,2043,2039,600,-180
4.7555,2043,2040,600,-172
4.7559,2043,2040,600,-172
4.7563,2043,2040,600,-172
4.7567,2043,2040,600,-180
4.7571,2043,2040,600,-180
4.7575,2043,2041,600,-172
4.7579,2043,2041,600,-172
4.7583,2043,2041,600,-172
4.7587,2043,2042,600,-172
4.7590,2043,2042,600,-172
4.7594,2043,2042,600,-172
4.7598,2043,2042,600,-172
4.7602,2021,2043,600,-172
4.7609,2021,2043,600,-172
4.7613,2021,2043,600,-172
4.7617,2021,2043,600,-172
4.7621,2021,2043,600,-172
4.7624,2021,2044,600,-172
4.7628,2021,2044,600,-172
4.7632,2021,2044,600,-172
4.7636,2021,2044,600,-172
4.7640,2021,2044,600,-172
4.7644,2021,2045,600,-172
4.7648,2021,2045,600,-172
4.7652,2021,2045,600,-172
4.7656,2021,2046,600,-164
4.7660,2021,2046,600,-164
4.7664,2021,2046,600,-172
4.7668,2021,2046,600,-172
4.7672,2021,2046,600,-172
4.7676,2021,2047,600,-164
4.7679,2021,2047,600,-164
4.7683,2021,2047,600,-164
4.7687,2021,2048,600,-164
4.7691,2021,2048,600,-164
4.7695,2021,2048,600,-164
4.7699,2021,2048,600,-164
4.7703,2000,2049,600,-164
4.7710,2000,2049,600,-164
4.7714,2000,2049,600,-164
4.7718,2000,2049,600,-164
4.7722,2000,2049,600,-164
4.7726,2000,2050,600,-164
4.7730,2000,2050,600,-164
4.7734,2000,2051,600,-156
4.7738,2000,2051,600,-156
4.7742,2000,2051,600,-156
4.7747,2000,2052,600,-140
4.7750,2000,2052,600,-140
4.7754,2000,2052,600,-140
4.7758,2000,2052,600,-140
4.7762,2000,2052,600,-140
4.7767,2000,2053,600,-140
4.7771,2000,2053,600,-140
4.7775,2000,2053,600,-140
4.7778,2000,2053,600,-140
4.7782,2000,2053,600,-140
4.7787,2000,2054,600,-132
4.7790,2000,2054,600,-132
4.7794,2000,2054,600,-140
4.7798,2000,2054,600,-140
4.7802,1980,2055,600,-132
4.7810,1980,2055,600,-132
4.7814,1980,2056,600,-132
4.7817,1980,2056,600,-132
4.7821,1980,2056,600,-132
4.7825,1980,2056,600,-132
4.7829,1980,2056,600,-132
4.7833,1980,2057,600,-132
4.7837,1980,2057,600,-132
4.7841,1980,2057,600,-132
4.7845,1980,2058,600,-124
4.7849,1980,2058,600,-124
4.7852,1980,2058,600,-124
4.7856,1980,2058,600,-124
4.7860,1980,2058,600,-124
4.7864,1980,2059,600,-124
4.7869,1980,2059,600,-124
4.7872,1980,2059,600,-124
4.7877,1980,2059,600,-124
4.7882,1980,2060,600,-116
4.7887,1980,2060,600,-116
4.7891,1980,2060,600,-116
4.7895,1980,2060,600,-124
4.7899,1980,2060,600,-124
4.7903,1960,2061,600,-116
4.7910,1960,2061,600,-116
4.7914,1960,2062,600,-116
4.7918,1960,2062,600,-116
4.7922,1960,2062,600,-116
4.7926,1960,2062,600,-116
4.7931,1960,2062,600,-116
4.7936,1960,2063,600,-108
4.7939,1960,2063,600,-108
4.7943,1960,2063,600,-116
4.7947,1960,2063,600,-116
4.7951,1960,2063,600,-116
4.7955,1960,2063,600,-116
4.7959,1960,2063,600,-116
4.7963,1960,2064,600,-108
4.7967,1960,2064,600,-108
4.7971,1960,2064,600,-108
4.7974,1960,2065,600,-108
4.7978,1960,2065,600,-108
4.7982,1960,2065,600,-108
4.7986,1960,2065,600,-108
4.7990,1960,2065,600,-108
4.7994,1960,2065,600,-108
4.7998,1960,2065,600,-108
4.8002,1942,2066,600,-108
4.8010,1942,2066,600,-108
4.8014,1942,2067,600,-100
4.8018,1942,2067,600,-100
4.8022,1942,2067,600,-100
4.8025,1942,2067,600,-100
4.8029,1942,2067,600,-100
4.8033,1942,2067,600,-108
4.8036,1942,2067,600,-108
4.8040,1942,2067,600,-108
4.8044,1942,2068,600,-100
4.8048,1942,2068,600,-100
4.8052,1942,2068,600,-100
4.8056,1942,2068,600,-100
4.8060,1942,2068,600,-100
4.8064,1942,2069,600,-92
4.8068,1942,2069,600,-92
4.8071,1942,2069,600,-92
4.8075,1942,2069,600,-100
4.8079,1942,2069,600,-100
4.8082,1942,2070,600,-92
4.8086,1942,2070,600,-92
4.8090,1942,2070,600,-92
4.8094,1942,2070,600,-92
4.8098,1942,2070,600,-92
4.8101,1926,2070,450,-100
4.8109,1926,2070,450,-100
4.8112,1926,2071,450,-92
4.8116,1926,2071,450,-92
4.8120,1926,2071,450,-92
4.8124,1926,2071,450,-92
4.8128,1926,2071,450,-92
4.8132,1926,2072,450,-84
4.8136,1926,2072,450,-84
4.8140,1926,2072,450,-84
4.8144,1926,2072,450,-92
4.8147,1926,2072,450,-92
4.8151,1926,2073,450,-84
4.8155,1926,2073,450,-84
4.8159,1926,2073,450,-84
4.8163,1926,2073,450,-84
4.8167,1926,2073,450,-84
4.8171,1926,2074,450,-76
4.8175,1926,2074,450,-76
4.8179,1926,2074,450,-76
4.8183,1926,2074,450,-84
4.8187,1926,2074,450,-84
4.8191,1926,2074,450,-84
4.8195,1926,2074,450,-84
4.8199,1926,2074,450,-84
4.8203,1911,2075,450,-76
4.8210,1911,2075,450,-76
4.8214,1911,2075,450,-76
4.8218,1911,2075,450,-76
4.8222,1911,2076,450,-68
4.8226,1911,2076,450,-68
4.8230,1911,2076,450,-68
4.8235,1911,2076,450,-76
4.8239,1911,2076,450,-76
4.8243,1911,2076,450,-76
4.8246,1911,2076,450,-76
4.8250,1911,2076,450,-76
4.8254,1911,2077,450,-68
4.8258,1911,2077,450,-68
4.8262,1911,2077,450,-68
4.8267,1911,2077,450,-68
4.8271,1911,2077,450,-68
4.8275,1911,2077,450,-68
4.8279,1911,2077,450,-68
4.8283,1911,2078,450,-68
4.8286,1911,2078,450,-68
4.8291,1911,2078,450,-68
4.8295,1911,2078,450,-68
4.8299,1911,2078,450,-68
4.8303,1899,2079,450,-60
4.8310,1899,2079,450,-60
4.8314,1899,2079,450,-60
4.8317,1899,2079,450,-60
4.8321,1899,2079,450,-60
4.8324,1899,2079,450,-60
4.8328,1899,2079,450,-60
4.8332,1899,2080,450,-52
4.8335,1899,2080,450,-52
4.8339,1899,2080,450,-52
4.8342,1899,2080,450,-56
4.8346,1899,2080,450,-56
4.8350,1899,2080,450,-56
4.8353,1899,2080,450,-56
4.8357,1899,2080,450,-56
4.8361,1899,2081,450,-48
4.8364,1899,2081,450,-48
4.8368,1899,2081,450,-48
4.8372,1899,2081,450,-48
4.8375,1899,2081,450,-48
4.8379,1899,2081,450,-48
4.8382,1899,2081,450,-48
4.8386,1899,2081,450,-48
4.8390,1899,2082,450,-40
4.8394,1899,2082,450,-40
4.8398,1899,2082,450,-40
4.8401,1888,2082,450,-40
4.8408,1888,2082,450,-40
4.8412,1888,2082,450,-40
4.8416,1888,2082,450,-40
4.8420,1888,2082,450,-48
4.8423,1888,2082,450,-48
4.8427,1888,2082,450,-48
4.8431,1888,2083,450,-40
4.8434,1888,2083,450,-40
4.8438,1888,2083,450,-40
4.8442,1888,2083,450,-40
4.8445,1888,2083,450,-40
4.8449,1888,2083,450,-40
4.8452,1888,2083,450,-40
4.8456,1888,2083,450,-40
4.8460,1888,2083,450,-40
4.8464,1888,2083,450,-40
4.8467,1888,2083,450,-40
4.8471,1888,2084,450,-32
4.8475,1888,2084,450,-32
4.8478,1888,2084,450,-32
4.8482,1888,2084,450,-32
4.8486,1888,2084,450,-32
4.8490,1888,2084,450,-32
4.8494,1888,2084,450,-32
4.8497,1888,2084,450,-32
4.8501,1881,2084,250,-32
4.8508,1881,2084,250,-32
4.8511,1881,2085,250,-24
4.8515,1881,2085,250,-24
4.8518,1881,2085,250,-24
4.8521,1881,2085,250,-24
4.8525,1881,2085,250,-24
4.8529,1881,2085,250,-24
4.8532,1881,2085,250,-24
4.8536,1881,2085,250,-24
4.8540,1881,2085,250,-24
4.8544,1881,2085,250,-24
4.8548,1881,2085,250,-24
4.8551,1881,2085,250,-24
4.8555,1881,2085,250,-24
4.8559,1881,2085,250,-24
4.8562,1881,2086,250,0
4.8566,1881,2086,250,0
4.8570,1881,2086,250,0
4.8574,1881,2086,250,0
4.8577,1881,2086,250,0
4.8581,1881,2086,250,0
4.8585,1881,2086,250,0
4.8588,1881,2086,250,0
4.8592,1881,2086,250,0
4.8596,1881,2086,250,0
4.8600,1881,2086,250,0
4.8603,1875,2086,250,0
4.8610,1875,2087,250,24
4.8613,1875,2087,250,24
4.8617,1875,2087,250,24
4.8620,1875,2087,250,24
4.8624,1875,2087,250,24
4.8628,1875,2087,250,24
4.8631,1875,2087,250,24
4.8634,1875,2087,250,24
4.8638,1875,2087,250,24
4.8641,1875,2087,250,24
4.8645,1875,2087,250,24
4.8649,1875,2087,250,24
4.8652,1875,2087,250,24
4.8656,1875,2087,250,24
4.8660,1875,2087,250,24
4.8663,1875,2087,250,24
4.8667,1875,2087,250,24
4.8670,1875,2087,250,32
4.8674,1875,2087,250,32
4.8678,1875,2087,250,32
4.8681,1875,2087,250,32
4.8685,1875,2087,250,32
4.8690,1875,2088,250,32
4.8694,1875,2088,250,32
4.8697,1875,2088,250,32
4.8701,1873,2088,200,32
4.8708,1873,2088,200,32
4.8712,1873,2088,200,32
4.8715,1873,2088,200,32
4.8719,1873,2088,200,32
4.8722,1873,2088,200,32
4.8726,1873,2088,200,32
4.8730,1873,2088,200,32
4.8733,1873,2088,200,32
4.8737,1873,2088,200,32
4.8740,1873,2088,200,28
4.8744,1873,2088,200,28
4.8748,1873,2088,200,28
4.8751,1873,2088,200,28
4.8755,1873,2088,200,28
4.8759,1873,2088,200,28
4.8762,1873,2088,200,28
4.8766,1873,2088,200,28
4.8770,1873,2088,200,28
4.8773,1873,2088,200,28
4.8777,1873,2088,200,28
4.8780,1873,2088,200,28
4.8783,1873,2088,200,28
4.8787,1873,2088,200,28
4.8790,1873,2088,200,28
4.8794,1873,2088,200,28
4.8797,1873,2088,200,28
4.8800,1873,2088,200,28
4.8807,1873,2088,200,28
4.8810,1873,2088,200,36
4.8814,1873,2088,200,36
4.8817,1873,2088,200,36
4.8821,1873,2088,200,36
4.8824,1873,2088,200,36
4.8828,1873,2088,200,36
4.8831,1873,2088,200,36
4.8835,1873,2088,200,36
4.8839,1873,2088,200,36
4.8843,1873,2088,200,36
4.8846,1873,2088,200,36
4.8850,1873,2088,200,36
4.8857,1873,2088,200,36
4.8861,1873,2088,200,44
4.8864,1873,2088,200,44
4.8868,1873,2088,200,44
4.8871,1873,2088,200,44
4.8875,1873,2088,200,44
4.8879,1873,2088,200,44
4.8883,1873,2088,200,44
4.8886,1873,2088,200,44
4.8890,1873,2088,200,44
4.8894,1873,2088,200,44
4.8898,1873,2088,0,44
4.8901,1875,2088,0,44
4.8908,1875,2088,0,52
4.8912,1875,2088,0,52
4.8915,1875,2088,0,52
4.8919,1875,2088,0,52
4.8923,1875,2088,0,52
4.8926,1875,2088,0,52
4.8930,1875,2088,0,52
4.8933,1875,2088,0,52
4.8937,1875,2088,0,52
4.8941,1875,2088,0,52
4.8945,1875,2088,0,52
4.8948,1875,2088,0,60
4.8952,1875,2088,0,60
4.8955,1875,2088,0,60
4.8959,1875,2088,0,60
4.8963,1875,2088,0,60
4.8967,1875,2088,0,60
4.8971,1875,2088,0,60
4.8975,1875,2088,0,60
4.8978,1875,2088,0,60
4.8982,1875,2088,0,60
4.8986,1875,2088,0,60
4.8990,1875,2088,0,68
4.8994,1875,2088,0,68
4.8998,1875,2088,0,68
4.9001,1881,2088,0,68
4.9008,1881,2088,0,68
4.9012,1881,2088,0,68
4.9016,1881,2088,0,68
4.9020,1881,2088,0,76
4.9024,1881,2088,0,76
4.9027,1881,2088,0,76
4.9031,1881,2088,0,76
4.9035,1881,2088,0,76
4.9039,1881,2088,0,76
4.9042,1881,2088,0,76
4.9046,1881,2088,0,76
4.9050,1881,2088,0,76
4.9054,1881,2088,0,76
4.9058,1881,2088,0,84
4.9062,1881,2088,0,84
4.9066,1881,2088,0,84
4.9070,1881,2088,0,84
4.9074,1881,2088,0,84
4.9078,1881,2088,0,84
4.9082,1881,2088,0,84
4.9086,1881,2088,0,84
4.9090,1881,2088,0,92
4.9094,1881,2088,0,92
4.9097,1881,2088,0,92
4.9101,1889,2088,0,92
4.9108,1889,2088,0,92
4.9112,1889,2088,0,92
4.9116,1889,2088,0,92
4.9120,1889,2088,0,100
4.9124,1889,2088,0,100
4.9127,1889,2088,0,100
4.9131,1889,2088,0,100
4.9135,1889,2088,0,100
4.9139,1889,2088,0,112
4.9143,1889,2088,0,112
4.9146,1889,2088,0,120
4.9150,1889,2088,0,120
4.9154,1889,2088,0,120
4.9157,1889,2087,0,112
4.9161,1889,2087,0,112
4.9165,1889,2087,0,112
4.9169,1889,2087,0,112
4.9173,1889,2087,0,112
4.9177,1889,2087,0,120
4.9181,1889,2087,0,120
4.9185,1889,2087,0,120
4.9189,1889,2087,0,120
4.9193,1889,2087,0,120
4.9197,1889,2087,0,128
4.9201,1899,2087,0,128
4.9209,1899,2086,0,120
4.9213,1899,2086,0,120
4.9217,1899,2086,0,120
4.9220,1899,2086,0,120
4.9224,1899,2086,0,120
4.9227,1899,2086,0,128
4.9231,1899,2086,0,128
4.9235,1899,2086,0,128
4.9238,1899,2086,0,128
4.9242,1899,2086,0,128
4.9245,1899,2086,0,128
4.9249,1899,2085,0,128
4.9253,1899,2085,0,128
4.9256,1899,2085,0,128
4.9260,1899,2085,0,128
4.9263,1899,2085,0,128
4.9268,1899,2085,0,128
4.9272,1899,2085,0,128
4.9276,1899,2085,0,136
4.9280,1899,2085,0,136
4.9284,1899,2085,0,136
4.9288,1899,2084,0,128
4.9292,1899,2084,0,128
4.9297,1899,2084,-200,136
4.9301,1912,2084,-200,136
4.9308,1912,2084,-200,136
4.9312,1912,2084,-200,136
4.9315,1912,2084,-200,136
4.9319,1912,2084,-200,136
4.9323,1912,2084,-200,136
4.9327,1912,2083,-200,136
4.9331,1912,2083,-200,136
4.9334,1912,2083,-200,136
4.9338,1912,2083,-200,124
4.9342,1912,2083,-200,124
4.9346,1912,2083,-200,132
4.9350,1912,2083,-200,132
4.9354,1912,2083,-200,132
4.9358,1912,2082,-200,124
4.9361,1912,2082,-200,124
4.9365,1912,2082,-200,132
4.9370,1912,2082,-200,132
4.9374,1912,2082,-200,132
4.9378,1912,2082,-200,132
4.9382,1912,2082,-200,132
4.9386,1912,2081,-200,132
4.9390,1912,2081,-200,132
4.9394,1912,2081,-200,132
4.9398,1912,2081,-200,132
4.9402,1926,2080,-200,132
4.9410,1926,2080,-200,132
4.9413,1926,2080,-200,132
4.9417,1926,2080,-200,132
4.9421,1926,2080,-200,132
4.9425,1926,2080,-200,140
4.9429,1926,2080,-200,140
4.9433,1926,2080,-200,140
4.9437,1926,2079,-200,132
4.9441,1926,2079,-200,132
4.9444,1926,2079,-200,132
4.9448,1926,2079,-200,140
4.9451,1926,2079,-200,140
4.9455,1926,2079,-200,140
4.9460,1926,2079,-200,140
4.9463,1926,2079,-200,140
4.9467,1926,2078,-200,140
4.9470,1926,2078,-200,140
4.9474,1926,2078,-200,140
4.9478,1926,2078,-200,140
4.9481,1926,2078,-200,140
4.9485,1926,2077,-200,140
4.9489,1926,2077,-200,140
4.9493,1926,2077,-200,140
4.9497,1926,2077,-350,140
4.9500,1943,2077,-350,140
4.9507,1943,2077,-350,148
4.9511,1943,2077,-350,148
4.9514,1943,2077,-350,148
4.9518,1943,2076,-350,140
4.9522,1943,2076,-350,140
4.9526,1943,2076,-350,148
4.9530,1943,2076,-350,148
4.9534,1943,2076,-350,148
4.9538,1943,2076,-350,148
4.9541,1943,2076,-350,148
4.9545,1943,2075,-350,148
4.9549,1943,2075,-350,148
4.9553,1943,2075,-350,148
4.9556,1943,2075,-350,148
4.9560,1943,2075,-350,148
4.9563,1943,2075,-350,148
4.9567,1943,2074,-350,148
4.9571,1943,2074,-350,148
4.9574,1943,2074,-350,156
4.9578,1943,2074,-350,156
4.9582,1943,2074,-350,156
4.9585,1943,2073,-350,148
4.9589,1943,2073,-350,148
4.9593,1943,2073,-350,148
4.9596,1943,2073,-350,156
4.9600,1943,2073,-350,156
4.9603,1961,2072,-350,148
4.9610,1961,2072,-350,148
4.9614,1961,2072,-350,148
4.9617,1961,2072,-350,156
4.9621,1961,2072,-350,156
4.9625,1961,2072,-350,156
4.9629,1961,2072,-350,156
4.9633,1961,2072,-350,156
4.9636,1961,2071,-350,156
4.9640,1961,2071,-350,156
4.9644,1961,2071,-350,156
4.9647,1961,2071,-350,164
4.9651,1961,2071,-350,164
4.9655,1961,2070,-350,156
4.9659,1961,2070,-350,156
4.9663,1961,2070,-350,156
4.9667,1961,2070,-350,164
4.9671,1961,2070,-350,164
4.9674,1961,2069,-350,156
4.9678,1961,2069,-350,156
4.9682,1961,2069,-350,156
4.9686,1961,2069,-350,164
4.9690,1961,2069,-350,164
4.9694,1961,2068,-450,164
4.9698,1961,2068,-450,164
4.9702,1981,2068,-450,164
4.9710,1981,2068,-450,164
4.9714,1981,2067,-450,164
4.9719,1981,2067,-450,164
4.9724,1981,2067,-450,172
4.9729,1981,2067,-450,172
4.9734,1981,2066,-450,160
4.9738,1981,2066,-450,160
4.9742,1981,2066,-450,160
4.9745,1981,2066,-450,168
4.9749,1981,2066,-450,168
4.9752,1981,2066,-450,168
4.9756,1981,2065,-450,168
4.9760,1981,2065,-450,168
4.9763,1981,2065,-450,168
4.9767,1981,2065,-450,168
4.9771,1981,2065,-450,168
4.9774,1981,2064,-450,168
4.9778,1981,2064,-450,168
4.9781,1981,2064,-450,168
4.9785,1981,2064,-450,176
4.9790,1981,2064,-450,176
4.9793,1981,2064,-450,176
4.9797,1981,2064,-450,176
4.9800,2001,2063,-450,176
4.9807,2001,2063,-450,176
4.9811,2001,2063,-450,176
4.9815,2001,2063,-450,184
4.9818,2001,2063,-450,184
4.9822,2001,2063,-450,184
4.9826,2001,2062,-450,176
4.9830,2001,2062,-450,176
4.9833,2001,2061,-450,176
4.9837,2001,2061,-450,176
4.9841,2001,2061,-450,176
4.9844,2001,2061,-450,184
4.9848,2001,2061,-450,184
4.9852,2001,2061,-450,184
4.9855,2001,2060,-450,176
4.9859,2001,2060,-450,176
4.9862,2001,2060,-450,176
4.9866,2001,2060,-450,184
4.9870,2001,2060,-450,184
4.9874,2001,2059,-450,184
4.9877,2001,2059,-450,184
4.9881,2001,2059,-450,184
4.9885,2001,2059,-450,184
4.9889,2001,2059,-450,184
4.9893,2001,2059,-450,184
4.9896,2001,2058,-500,184
4.9900,2022,2057,-500,176
4.9907,2022,2057,-500,176
4.9911,2022,2057,-500,176
4.9915,2022,2057,-500,184
4.9918,2022,2057,-500,184
4.9922,2022,2057,-500,184
4.9926,2022,2056,-500,184
4.9930,2022,2056,-500,184
4.9934,2022,2055,-500,176
4.9937,2022,2055,-500,176
4.9941,2022,2055,-500,176
4.9945,2022,2055,-500,184
4.9948,2022,2055,-500,184
4.9952,2022,2055,-500,184
4.9955,2022,2055,-500,184
4.9959,2022,2055,-500,184
4.9963,2022,2054,-500,184
4.9966,2022,2054,-500,184
4.9970,2022,2054,-500,184
4.9974,2022,2054,-500,192
4.9977,2022,2054,-500,192
4.9981,2022,2054,-500,192
4.9985,2022,2053,-500,184
4.9989,2022,2053,-500,184
4.9993,2022,2052,-500,184
4.9997,2022,2052,-500,184
